"date" "P" "ETpot" "Q"
19920101 7.6395 0.2666 5.50888
19920102 13.6585 0.2823 2.74987
19920103 28.4745 0.2617 6.56077
19920104 10.4175 0.3259 9.9437
19920105 49.078 0.2573 4.51499
19920106 0 0.403 4.70591
19920107 0.926 0.3768 1.67742
19920108 11.112 0.2796 0.83641
19920109 6.2505 0.0897 1.21955
19920110 0.6945 0.2649 6.61163
19920111 0 0.3124 9.41196
19920112 0.2315 0.1313 2.62293
19920113 0 0.0822 7.14307
19920114 0 0.2432 13.04635
19920115 0.2315 0.2236 9.77563
19920116 0 0.3243 6.84752
19920117 0 0.204 8.77962
19920118 0.2315 0.1635 1.15454
19920119 0.2315 0.2019 1.76635
19920120 0 0.1776 4.98421
19920121 0 0.2465 2.50516
19920122 0 0.5421 3.90017
19920123 0 0.4572 2.9096
19920124 0 0.4813 5.12398
19920125 10.186 0.5324 5.58993
19920126 0 0.5078 4.44745
19920127 0 0.6854 3.439
19920128 0 0.229 3.22921
19920129 0 0.1713 5.85996
19920130 0.2315 0.7988 16.24158
19920131 0 1.2031 11.36158
19920201 0 0.957 11.81959
19920202 0.463 0.1094 6.81665
19920203 12.2695 0.5699 14.58837
19920204 17.3625 0.1991 11.4161
19920205 0 0.5384 2.22852
19920206 0 0.6825 2.08345
19920207 0 0.4581 3.49125
19920208 0 0.8406 1.18772
19920209 22.4555 0.2907 1.07194
19920210 4.167 0.5381 3.24169
19920211 0.6945 0.2555 6.87659
19920212 11.8065 0.2239 5.32278
19920213 9.26 0.4901 12.19815
19920214 10.649 0.272 6.72993
19920215 2.5465 0.806 16.48413
19920216 1.1575 0.6777 15.46961
19920217 8.5655 0.3741 12.84706
19920218 2.5465 0.1407 7.13964
19920219 3.4725 0.2268 4.50549
19920220 0 0.7267 1.80086
19920221 4.63 0.2891 1.07078
19920222 6.7135 0.292 1.54444
19920223 23.3815 0.6346 1.72356
19920224 0 0.5593 1.44467
19920225 0 1.3946 0.66604
19920226 3.0095 0.9764 2.56773
19920227 15.742 0.7157 3.80249
19920228 0.2315 1.2871 2.7152
19920229 0.2315 1.0196 4.25159
19920301 14.5845 0.8614 5.11254
19920302 4.8615 0.9823 4.56494
19920303 24.076 1.0504 6.28132
19920304 0.2315 0.7887 3.46451
19920305 9.0285 0.7066 3.5883
19920306 0.926 1.2398 3.87224
19920307 8.5655 0.9201 3.64122
19920308 0 1.2285 3.71967
19920309 7.871 0.8814 1.68064
19920310 19.2145 0.7528 0.95203
19920311 25.928 0.8901 2.52162
19920312 29.632 0.705 1.27013
19920313 17.131 0.7641 5.07438
19920314 11.112 0.9549 16.60536
19920315 17.3625 0.7805 7.91563
19920316 1.6205 0.8623 3.39458
19920317 0 0.6375 5.55237
19920318 15.5105 0.5539 2.29147
19920319 0.463 0.9225 5.29882
19920320 8.797 0.7584 11.39357
19920321 40.9755 0.7127 4.49768
19920322 49.078 1.2242 4.94955
19920323 22.9185 0.9825 1.72214
19920324 0 1.1212 0.90449
19920325 15.9735 1.3428 1.18579
19920326 7.6395 1.1698 5.35779
19920327 1.389 1.3461 10.31484
19920328 1.389 1.1398 2.81656
19920329 7.408 1.015 6.69636
19920330 5.556 0.5366 10.80308
19920331 2.315 0.7777 12.3664
19920401 8.334 0.4277 6.23976
19920402 0.926 0.2312 9.55398
19920403 0 1.3378 1.22737
19920404 0 1.515 1.70127
19920405 0 1.4741 4.62208
19920406 6.945 1.5959 2.32817
19920407 7.408 1.1195 4.33578
19920408 0 1.431 3.0575
19920409 0 3.3275 4.26234
19920410 0 2.5895 6.10255
19920411 1.6205 2.827 4.12403
19920412 9.4915 1.139 3.44994
19920413 14.353 0.9157 3.89335
19920414 30.095 0.2828 5.77258
19920415 2.5465 1.5391 12.72384
19920416 4.3985 1.6136 13.68158
19920417 13.89 0.3203 12.29003
19920418 0.2315 0.1988 6.09724
19920419 0.463 1.0862 13.17239
19920420 0 2.6301 14.20736
19920421 1.389 0.9439 2.34132
19920422 5.093 1.3321 1.59838
19920423 0.6945 1.6338 3.96153
19920424 11.3435 0.7387 1.2994
19920425 7.871 2.3221 1.02918
19920426 7.871 1.4617 2.25823
19920427 5.093 2.1105 7.24416
19920428 3.9355 1.4065 3.72453
19920429 2.0835 0.9873 12.34621
19920430 28.0115 0.7385 7.58469
19920501 3.9355 1.1967 16.72837
19920502 2.0835 1.4991 14.40989
19920503 0 2.8092 13.61887
19920504 2.0835 0.841 7.97026
19920505 0.2315 2.694 4.87971
19920506 0.2315 2.4881 1.89487
19920507 1.6205 1.0521 0.97043
19920508 13.1955 1.2567 1.60544
19920509 14.1215 0.8412 0.83808
19920510 0.2315 2.503 2.36396
19920511 16.205 1.9135 0.68814
19920512 37.503 0.2162 2.04265
19920513 0 4.0659 4.23449
19920514 0 3.8699 2.17457
19920515 0 4.9655 4.68578
19920516 0 4.9148 5.12323
19920517 0 5.1482 4.66334
19920518 0 5.2518 5.0349
19920519 0 4.6785 4.52386
19920520 0 4.0593 3.76515
19920521 0 4.5182 3.73511
19920522 0 4.9654 2.34666
19920523 0 3.7595 5.14479
19920524 0 3.016 1.67249
19920525 0 4.4909 1.05334
19920526 0 5.9049 2.15147
19920527 0 5.2493 1.61956
19920528 17.3625 0.9333 4.1998
19920529 3.241 1.4786 16.5292
19920530 5.093 0.9719 6.73366
19920531 1.6205 2.7003 5.4049
19920601 22.9185 0.8022 5.59941
19920602 1.389 2.9267 1.80323
19920603 13.89 1.9805 5.42712
19920604 5.556 1.6024 11.40208
19920605 6.7135 0.792 4.54616
19920606 0 4.6836 5.16454
19920607 0.463 2.7405 1.82842
19920608 2.5465 1.2986 0.99092
19920609 3.704 2.6624 1.16787
19920610 0 3.5035 5.1721
19920611 0 4.5767 9.85495
19920612 0 5.3068 3.32292
19920613 0 6.1376 5.45039
19920614 0 3.6572 11.01664
19920615 0 1.2886 13.0325
19920616 0.2315 3.8223 5.42429
19920617 0 4.7856 10.7168
19920618 0 4.0117 1.36218
19920619 0 3.9239 1.60149
19920620 0 5.4866 3.90093
19920621 0 3.2693 3.04346
19920622 0 3.4753 4.29088
19920623 0 2.5576 3.15999
19920624 0 3.4243 4.00814
19920625 0 5.1185 6.22951
19920626 0 4.5004 2.59067
19920627 0 4.9636 4.54739
19920628 0 4.7145 4.46159
19920629 2.0835 4.5067 5.69351
19920630 5.3245 3.3049 10.38426
19920701 0.463 0.7656 15.54168
19920702 5.093 2.5478 11.86299
19920703 14.353 0.6389 5.66929
19920704 3.241 1.4771 13.6191
19920705 0 2.3686 14.8887
19920706 0 5.5801 2.57371
19920707 0 2.5548 1.5521
19920708 6.019 1.797 3.94261
19920709 6.019 0.531 1.48202
19920710 0.463 3.2051 1.03304
19920711 16.668 1.3175 1.82971
19920712 3.241 3.4444 7.47975
19920713 27.0855 1.5425 2.81464
19920714 1.1575 3.936 12.61938
19920715 0.2315 3.0004 7.67617
19920716 0.6945 2.1136 16.64332
19920717 8.1025 2.7337 11.94123
19920718 6.482 1.9238 15.07436
19920719 6.019 3.7866 9.10735
19920720 0.6945 1.0873 5.44296
19920721 1.852 3.6223 2.01234
19920722 1.1575 4.1865 0.91623
19920723 4.8615 2.2138 1.61849
19920724 0.463 2.4085 0.86145
19920725 2.5465 1.1933 2.38978
19920726 5.3245 2.1793 0.7295
19920727 3.241 3.1561 0.71839
19920728 0 3.9898 5.42822
19920729 0 2.0115 1.81534
19920730 0 4.7874 4.87444
19920731 0 5.0427 5.22755
19920801 7.871 1.9903 4.71478
19920802 4.63 1.5092 4.56616
19920803 5.3245 2.0647 4.78331
19920804 12.964 2.2767 3.96444
19920805 28.706 1.3454 3.64582
19920806 0 3.0372 1.93513
19920807 8.334 1.8675 5.65839
19920808 53.0135 0.1798 1.66276
19920809 1.1575 0.9149 1.18252
19920810 0.6945 2.5354 1.11445
19920811 13.89 2.1061 2.63037
19920812 24.7705 2.7625 4.05727
19920813 10.4175 0.933 13.83058
19920814 0.2315 3.8524 7.6131
19920815 15.279 2.4507 7.20006
19920816 0 2.8079 5.62874
19920817 3.704 2.8106 1.58335
19920818 0 2.7745 5.15036
19920819 0 4.1753 11.53885
19920820 0 3.723 4.75868
19920821 0 2.3592 5.13898
19920822 4.8615 0.7948 2.04246
19920823 11.575 1.4477 1.09525
19920824 8.797 1.3759 1.15444
19920825 3.241 2.1461 4.97784
19920826 8.1025 0.5673 8.13121
19920827 48.3835 0.3792 5.07189
19920828 4.8615 1.6633 4.94332
19920829 9.0285 1.9737 9.99884
19920830 33.1045 0.7304 13.65969
19920831 3.241 2.0722 4.19892
19920901 11.3435 2.0742 12.77678
19920902 18.057 0.8765 1.56231
19920903 37.2715 1.0262 1.42966
19920904 3.9355 1.1433 2.59882
19920905 0 1.907 4.53839
19920906 17.131 0.4924 4.05104
19920907 4.8615 1.9651 3.31807
19920908 3.704 1.64 3.73715
19920909 6.019 0.9852 6.2352
19920910 0 1.071 2.46578
19920911 27.0855 1.2861 4.88749
19920912 31.2525 1.9213 4.53627
19920913 12.7325 1.2623 5.52245
19920914 9.4915 1.0486 7.54766
19920915 5.3245 0.4187 17.68577
19920916 0.2315 2.4012 11.73488
19920917 0.463 0.4133 6.52282
19920918 0.926 1.0928 11.48988
19920919 4.3985 1.4055 16.51317
19920920 3.0095 1.9003 3.07121
19920921 8.797 0.2059 1.7385
19920922 0.2315 0.5115 3.49786
19920923 0 1.4187 1.96539
19920924 6.2505 0.8369 1.03125
19920925 0.2315 1.8699 1.58706
19920926 1.6205 0.5108 7.45295
19920927 0.2315 1.027 2.73643
19920928 0.2315 2.2354 10.31517
19920929 2.0835 0.5749 8.97116
19920930 2.778 0.8281 17.12665
19921001 0 1.0466 10.79247
19921002 22.687 0.4231 14.79496
19921003 1.6205 1.5281 10.79873
19921004 0.6945 1.1509 5.85911
19921005 0 0.829 2.17407
19921006 0 0.5378 0.9638
19921007 0 0.4205 1.45503
19921008 0.2315 0.7826 1.03993
19921009 1.389 0.9198 2.349
19921010 0 0.9794 0.78335
19921011 0.2315 0.2893 0.71235
19921012 0 0.3545 5.26324
19921013 0 1.3449 1.87421
19921014 25.2335 0.2338 4.58207
19921015 9.723 0.9121 5.28377
19921016 2.0835 0.9005 4.84811
19921017 6.945 0.7507 2.89069
19921018 7.1765 0.7169 6.53087
19921019 0 0.9718 3.87246
19921020 0 0.4815 3.4625
19921021 4.8615 0.3479 2.0776
19921022 2.5465 0.501 5.68181
19921023 10.4175 0.4269 1.63
19921024 11.575 0.3154 1.43085
19921025 35.651 0.2324 0.79029
19921026 3.4725 0.3076 2.94184
19921027 28.243 0.1998 3.84587
19921028 20.835 0.2786 11.22961
19921029 0.2315 0.8509 9.83276
19921030 0 0.965 7.53549
19921031 0.463 0.4728 5.65316
19921101 19.446 0.4812 1.72266
19921102 33.5675 0.4758 4.38929
19921103 0 0.3901 11.50936
19921104 9.4915 0.3191 5.14617
19921105 0.463 0.6247 4.23167
19921106 1.1575 0.2951 3.27738
19921107 8.1025 0.2603 1.29103
19921108 0 0.1953 1.11955
19921109 22.4555 0.0579 4.53271
19921110 8.334 0.3041 7.99548
19921111 17.3625 0.3371 5.34432
19921112 6.2505 0.365 3.64187
19921113 0.6945 0.61 9.38016
19921114 11.3435 0.0336 15.16739
19921115 5.3245 0.2059 4.01474
19921116 22.224 0.1036 13.27039
19921117 3.241 0.2113 1.90788
19921118 13.89 0.2198 1.18673
19921119 1.852 0.3938 2.69249
19921120 0 0.2652 4.74057
19921121 38.429 0.0233 3.57963
19921122 43.522 0.0244 3.65616
19921123 11.3435 0.171 2.5338
19921124 16.668 0.3512 6.13091
19921125 13.6585 0.1473 3.89798
19921126 12.501 0.3443 4.78393
19921127 6.2505 0.1399 4.56169
19921128 0 0.1387 4.94768
19921129 20.372 0.0794 7.11085
19921130 40.5125 0.0157 17.51846
19921201 32.6415 0.1313 11.95904
19921202 42.3645 0.3594 7.25111
19921203 20.1405 0.1995 9.98923
19921204 5.093 0.0514 15.97762
19921205 7.408 0.1934 5.34065
19921206 14.353 0.1391 1.78103
19921207 5.093 0.1983 2.78526
19921208 1.389 0.3492 2.7299
19921209 0.6945 0.1607 1.0367
19921210 0.6945 0.2393 1.3737
19921211 38.6605 0.1301 7.3032
19921212 0.2315 0.247 3.04041
19921213 8.334 0.1801 9.77323
19921214 4.167 0.22 8.29456
19921215 0.926 0.2151 13.32267
19921216 13.1955 0.1491 14.6776
19921217 1.1575 0.3686 14.50033
19921218 25.465 0.1672 10.97803
19921219 0.2315 0.1115 6.91936
19921220 0 0.248 2.36953
19921221 0 0.1163 1.04275
19921222 0 0.3363 1.42596
19921223 0 0.2617 1.08909
19921224 0 0.2408 2.26063
19921225 0 0.2888 0.87363
19921226 0 0.154 0.70714
19921227 0.2315 0.111 5.02184
19921228 0 0.1032 2.01795
19921229 0 0.118 4.22948
19921230 0 0.0343 4.16937
19921231 0.2315 0.1777 6.0711
19930101 0 0.3536 1.6033
19930102 0 0.3465 7.98183
19930103 0.6945 0.2518 3.65505
19930104 9.4915 0.3647 3.30753
19930105 15.279 0.4108 2.57335
19930106 5.3245 0.1093 5.58636
19930107 12.2695 0.2071 1.62438
19930108 0 0.4556 1.56466
19930109 33.5675 0.3292 0.81601
19930110 44.448 0.3536 2.88845
19930111 10.4175 0.4768 3.45505
19930112 3.4725 0.3814 8.79536
19930113 20.372 0.1747 11.56888
19930114 2.315 0.5876 8.36402
19930115 25.2335 0.6119 5.51755
19930116 4.167 0.3164 1.8979
19930117 7.408 0.5792 4.18718
19930118 4.8615 0.4174 8.64974
19930119 31.484 0.2824 7.55357
19930120 37.2715 0.2945 4.75716
19930121 17.131 0.3621 3.4606
19930122 13.427 0.5057 1.4938
19930123 18.2885 0.382 1.07058
19930124 2.5465 0.85 3.82989
19930125 0.926 0.3443 7.89006
19930126 64.5885 0.2966 5.96924
19930127 16.668 0.1346 2.71407
19930128 8.1025 0.226 9.50931
19930129 0 0.2703 14.86582
19930130 3.0095 0.066 5.0882
19930131 1.1575 0.1298 12.51308
19930201 0.463 0.153 2.91702
19930202 0.926 0.2379 1.10507
19930203 0 0.2477 2.38323
19930204 0 0.6979 5.05983
19930205 0 0.5309 3.03619
19930206 0 0.704 4.0079
19930207 0.926 0.52 2.07012
19930208 1.1575 0.1308 6.0372
19930209 0.463 0.1713 4.64422
19930210 0.2315 0.0703 4.68895
19930211 0.2315 0.302 4.5476
19930212 0.2315 0.2309 2.372
19930213 0.2315 0.3429 6.82138
19930214 0 1.1144 18.78249
19930215 2.315 0.234 9.90894
19930216 0.6945 0.4021 10.69492
19930217 0 0.5265 8.55262
19930218 2.5465 0.358 16.39756
19930219 0.926 0.6151 6.58945
19930220 1.852 0.4921 1.85494
19930221 1.852 0.7344 2.77448
19930222 3.4725 0.506 2.78532
19930223 0 1.334 0.96794
19930224 0 0.4623 1.26968
19930225 19.6775 0.3494 6.94261
19930226 5.556 0.4609 3.52406
19930227 5.556 0.4229 9.38558
19930228 0.463 0.3188 8.58375
19930301 0.926 0.0323 8.20405
19930302 0.2315 0.0751 19.04438
19930303 2.5465 0.2822 12.24986
19930304 0 0.7362 13.70337
19930305 0.463 0.3941 6.93454
19930306 0 1.0215 2.68931
19930307 0 0.3175 1.12885
19930308 0 0.3889 1.42368
19930309 0.463 1.2982 1.15484
19930310 4.8615 0.4593 2.19216
19930311 0 1.1872 0.9508
19930312 0 0.3888 0.69942
19930313 0 2.7978 4.51223
19930314 0.2315 1.0191 2.4097
19930315 4.63 1.6323 3.72357
19930316 17.3625 0.6766 3.01127
19930317 3.0095 0.7896 6.89892
19930318 2.778 0.736 2.54102
19930319 0 1.5447 7.73784
19930320 0 0.8911 3.09114
19930321 27.317 0.5865 3.11009
19930322 6.482 1.0323 3.52051
19930323 0 1.3513 5.46452
19930324 0 1.2646 1.73768
19930325 0.2315 1.9256 1.62479
19930326 0 2.1764 0.84548
19930327 0 1.1551 2.82268
19930328 1.389 0.8505 2.73116
19930329 1.852 0.6327 7.14674
19930330 5.3245 1.1771 13.74765
19930331 6.2505 0.5097 8.37491
19930401 0 1.7173 4.98075
19930402 1.6205 1.134 2.64753
19930403 9.26 0.2433 3.69521
19930404 0.2315 2.2344 8.33568
19930405 14.5845 1.5809 7.72617
19930406 2.778 0.6439 5.15874
19930407 12.2695 1.171 3.6002
19930408 4.3985 0.2455 1.59445
19930409 12.501 1.471 1.01298
19930410 0.2315 2.5444 2.84668
19930411 10.4175 0.245 7.15727
19930412 0 1.8379 7.57
19930413 0.2315 0.9879 2.66869
19930414 0 2.0308 8.51808
19930415 0 3.2614 15.42676
19930416 9.0285 1.3731 5.68512
19930417 16.205 1.3955 10.39706
19930418 52.782 0.4987 5.07309
19930419 0.463 1.9776 1.08695
19930420 1.852 1.4924 1.98638
19930421 6.019 0.9824 5.35565
19930422 6.2505 0.5578 2.37041
19930423 4.63 1.7784 4.19405
19930424 0 1.8543 2.29521
19930425 6.019 0.4004 5.98351
19930426 1.852 1.355 4.96357
19930427 0 1.3088 4.58176
19930428 0 4.0663 4.47888
19930429 0 3.9985 1.76084
19930430 0 4.4833 6.19347
19930501 0 1.9748 19.44001
19930502 0.6945 3.1773 9.34972
19930503 0 3.3035 11.71024
19930504 0 4.3409 7.28155
19930505 0 4.0428 15.49526
19930506 0 3.6352 8.90326
19930507 0 3.525 2.06999
19930508 0 4.5667 2.69366
19930509 0 1.6487 2.85802
19930510 9.26 0.4664 1.00797
19930511 0.2315 2.9413 1.11994
19930512 0 2.6035 6.46318
19930513 5.3245 3.8314 4.06202
19930514 15.0475 0.9181 9.01416
19930515 24.3075 2.6088 8.8944
19930516 28.4745 0.5941 7.9466
19930517 12.2695 0.9576 18.16785
19930518 2.5465 2.3019 13.09216
19930519 4.8615 3.4746 13.5058
19930520 1.1575 1.614 6.00265
19930521 2.778 3.0977 4.11365
19930522 1.6205 1.3306 1.25816
19930523 0.926 3.5412 1.408
19930524 31.947 2.7355 1.24006
19930525 0.463 0.5916 2.11276
19930526 18.983 0.3366 1.03887
19930527 5.7875 0.3782 0.68776
19930528 0.926 1.4991 3.2415
19930529 5.7875 2.1019 3.5406
19930530 21.5295 0.8941 3.16955
19930531 1.6205 3.4398 3.60539
19930601 7.408 2.0855 6.28748
19930602 7.1765 2.7039 3.23302
19930603 0 1.3132 7.3815
19930604 0.2315 3.2956 2.96433
19930605 0 2.7879 3.28103
19930606 0 6.0332 3.76159
19930607 0 3.4769 5.23751
19930608 0 5.1566 1.98027
19930609 0.463 3.2185 1.67355
19930610 9.9545 2.9623 0.87845
19930611 27.5485 0.7011 2.74798
19930612 0.463 2.9714 2.18947
19930613 3.9355 3.6905 7.0143
19930614 18.52 1.3073 14.16967
19930615 8.797 3.5135 8.4486
19930616 9.723 1.7866 2.73338
19930617 20.6035 2.3368 5.10635
19930618 3.241 2.5092 3.07436
19930619 0 2.9047 8.05282
19930620 0 3.4976 8.42799
19930621 0 2.7078 4.99432
19930622 0 4.3784 3.91952
19930623 0 4.0291 1.65389
19930624 0 3.656 0.90782
19930625 0 4.25 1.50565
19930626 5.7875 2.2771 7.55765
19930627 0.2315 5.5369 8.39069
19930628 0 5.9701 2.62166
19930629 0 4.8806 7.692
19930630 0 4.8291 15.39188
19930701 0 4.2518 6.73682
19930702 0.926 4.1918 9.0706
19930703 0.2315 2.8188 6.45653
19930704 0.463 2.4374 1.11072
19930705 0 3.8814 1.83012
19930706 0 3.8834 5.29096
19930707 2.0835 3.2562 2.4118
19930708 17.594 2.5244 3.92955
19930709 21.761 2.5458 2.61636
19930710 15.5105 1.8975 5.61144
19930711 2.5465 1.7025 5.31047
19930712 0 4.2073 4.51742
19930713 39.5865 0.9535 3.91708
19930714 7.1765 2.2237 2.50287
19930715 23.8445 0.8006 5.90418
19930716 7.6395 1.8522 18.8753
19930717 6.945 3.3361 9.4712
19930718 32.873 0.8999 11.66448
19930719 13.6585 1.8351 6.82314
19930720 2.5465 2.212 14.9037
19930721 5.3245 1.6187 10.57103
19930722 0.6945 2.8176 2.19
19930723 14.816 1.0988 2.51951
19930724 8.334 3.3141 2.98992
19930725 12.7325 1.4046 1.14265
19930726 13.6585 1.8397 1.09424
19930727 9.26 1.1839 4.89728
19930728 13.6585 4.2956 5.46297
19930729 14.816 1.2671 8.17645
19930730 2.315 3.1232 9.62217
19930731 2.0835 2.6944 7.34861
19930801 0 1.8736 17.95359
19930802 25.002 2.2241 13.64493
19930803 2.778 2.8761 12.7993
19930804 13.427 0.8928 6.64782
19930805 0.6945 2.4975 4.41571
19930806 4.3985 1.3542 1.589
19930807 9.723 1.6396 1.26399
19930808 1.1575 2.2591 1.37205
19930809 27.78 0.8209 1.98869
19930810 1.389 1.9207 1.17081
19930811 43.985 1.1495 0.67782
19930812 6.2505 1.51 2.83431
19930813 0 3.7158 3.75503
19930814 2.5465 3.4698 2.91891
19930815 0.2315 2.1494 3.94558
19930816 0 4.7033 5.34189
19930817 0 4.1097 4.25318
19930818 0 2.9552 6.6255
19930819 15.5105 2.2118 3.39989
19930820 14.353 2.7934 3.31969
19930821 8.797 1.0648 3.96263
19930822 6.945 0.8538 4.63408
19930823 0.6945 2.3973 2.64334
19930824 0 1.6348 1.68358
19930825 0 1.3243 0.91302
19930826 0 2.5119 2.65431
19930827 0 1.3608 1.13907
19930828 0 2.9162 7.08866
19930829 6.7135 0.9451 14.98954
19930830 1.6205 3.4443 8.32891
19930831 0 4.4459 2.64487
19930901 0 4.4719 5.50888
19930902 0 2.4259 2.74987
19930903 0 1.669 6.56077
19930904 0 3.3397 9.9437
19930905 0 2.2337 4.51499
19930906 0 2.3863 4.70591
19930907 12.964 1.4364 1.67742
19930908 11.112 0.7802 0.83641
19930909 45.374 0.4062 1.21955
19930910 31.484 0.6861 6.61163
19930911 5.7875 2.4453 9.41196
19930912 15.9735 0.308 2.62293
19930913 9.723 1.0712 7.14307
19930914 0.926 0.8384 13.04635
19930915 3.4725 0.2376 9.77563
19930916 0.2315 1.472 6.84752
19930917 0 0.7102 8.77962
19930918 0 1.6829 1.15454
19930919 0 1.2732 1.76635
19930920 6.945 0.5853 4.98421
19930921 10.186 1.2688 2.50516
19930922 2.5465 1.2344 3.90017
19930923 0.2315 1.5813 2.9096
19930924 3.241 1.1493 5.12398
19930925 1.852 2.2739 5.58993
19930926 0 1.6421 4.44745
19930927 0 1.0663 3.439
19930928 1.1575 1.9108 3.22921
19930929 9.9545 0.6337 5.85996
19930930 2.315 0.4289 16.24158
19931001 8.5655 0.4671 11.36158
19931002 1.1575 1.0977 11.81959
19931003 10.8805 0.8138 6.81665
19931004 5.556 1.0069 14.58837
19931005 21.9925 0.4293 11.4161
19931006 8.334 0.4036 2.22852
19931007 8.1025 1.3757 2.08345
19931008 5.7875 0.2152 3.49125
19931009 3.241 0.7557 1.18772
19931010 10.4175 0.6535 1.07194
19931011 1.852 0.176 3.24169
19931012 30.3265 0.1293 6.87659
19931013 0.463 0.1944 5.32278
19931014 0 1.3093 12.19815
19931015 0 0.9709 6.72993
19931016 0 1.4809 16.48413
19931017 0 1.5109 15.46961
19931018 0 1.4991 12.84706
19931019 0 1.3174 7.13964
19931020 2.315 0.9024 4.50549
19931021 0 1.4017 1.80086
19931022 0 1.3896 1.07078
19931023 0 1.3095 1.54444
19931024 0 0.5356 1.72356
19931025 0 0.3642 1.44467
19931026 0.463 0.181 0.66604
19931027 0.2315 0.287 2.56773
19931028 1.6205 0.0933 3.80249
19931029 0 0.2936 2.7152
19931030 0 0.2832 4.25159
19931031 0 0.3311 5.11254
19931101 0 0.3249 4.56494
19931102 2.0835 0.2855 6.28132
19931103 8.334 0.0723 3.46451
19931104 0.6945 0.6173 3.5883
19931105 0.463 0.1918 3.87224
19931106 0.463 0.2828 3.64122
19931107 3.4725 0.1562 3.71967
19931108 1.1575 0.2434 1.68064
19931109 40.9755 0.1426 0.95203
19931110 5.3245 0.6649 2.52162
19931111 27.317 0.2833 1.27013
19931112 27.0855 0.4736 5.07438
19931113 42.8275 0.069 16.60536
19931114 14.816 0.3063 7.91563
19931115 0 0.8434 3.39458
19931116 0.2315 0.6058 5.55237
19931117 0 0.5087 2.29147
19931118 0 0.4023 5.29882
19931119 0 0.4892 11.39357
19931120 0.2315 0.4786 4.49768
19931121 0 0.047 4.94955
19931122 0.2315 0.412 1.72214
19931123 0.2315 0.4052 0.90449
19931124 0.6945 0.0099 1.18579
19931125 10.649 0.2919 5.35779
19931126 0.463 0.1794 10.31484
19931127 0 0.0749 2.81656
19931128 0 0.0956 6.69636
19931129 7.1765 0.0511 10.80308
19931130 4.167 0.3846 12.3664
19931201 12.7325 0.2495 6.23976
19931202 8.797 0.1087 9.55398
19931203 20.6035 0.3003 1.22737
19931204 23.8445 0.3827 1.70127
19931205 5.7875 0.3426 4.62208
19931206 40.0495 0.2985 2.32817
19931207 12.038 0.3614 4.33578
19931208 63.6625 0.4394 3.0575
19931209 9.0285 0.614 4.26234
19931210 4.3985 0.5725 6.10255
19931211 4.3985 0.3685 4.12403
19931212 62.7365 0.1065 3.44994
19931213 7.408 0.1128 3.89335
19931214 34.725 0.1765 5.77258
19931215 35.188 0.27 12.72384
19931216 13.427 0.1768 13.68158
19931217 23.15 0.0853 12.29003
19931218 52.5505 0.1246 6.09724
19931219 28.0115 0.2436 13.17239
19931220 6.7135 0.0206 14.20736
19931221 4.167 0.1696 2.34132
19931222 38.429 0.2331 1.59838
19931223 20.6035 0.184 3.96153
19931224 0 0.164 1.2994
19931225 0 0.0944 1.02918
19931226 0 0.1739 2.25823
19931227 0 0.1359 7.24416
19931228 11.8065 0.1686 3.72453
19931229 29.632 0.411 12.34621
19931230 40.5125 0.1912 7.58469
19931231 3.9355 0.1739 16.72837
19940101 12.7325 0.1477 14.40989
19940102 8.797 0.3113 13.61887
19940103 17.8255 0.056 7.97026
19940104 3.241 0.1592 4.87971
19940105 17.594 0.2346 1.89487
19940106 0 0.361 0.97043
19940107 1.852 0.1994 1.60544
19940108 2.315 0.086 0.83808
19940109 5.3245 0.1408 2.36396
19940110 0.926 0.1714 0.68814
19940111 9.4915 0.1524 2.04265
19940112 29.169 0.2921 4.23449
19940113 6.945 0.562 2.17457
19940114 12.501 0.3399 4.68578
19940115 1.852 0.0557 5.12323
19940116 0 0.502 4.66334
19940117 0.6945 0.2915 5.0349
19940118 29.4005 0.2823 4.52386
19940119 2.5465 0.3653 3.76515
19940120 23.3815 0.1437 3.73511
19940121 18.2885 0.2886 2.34666
19940122 20.6035 0.3269 5.14479
19940123 56.486 0.685 1.67249
19940124 13.1955 0.2174 1.05334
19940125 37.04 0.461 2.15147
19940126 0.463 0.7601 1.61956
19940127 23.613 0.3941 4.1998
19940128 4.8615 0.6974 16.5292
19940129 20.1405 0.2689 6.73366
19940130 6.019 0.5241 5.4049
19940131 6.482 0.3596 5.59941
19940201 18.057 0.4177 1.80323
19940202 0.2315 0.4663 5.42712
19940203 15.742 0.2274 11.40208
19940204 4.167 0.8365 4.54616
19940205 6.482 0.3152 5.16454
19940206 6.945 0.3278 1.82842
19940207 7.871 0.3326 0.99092
19940208 10.649 0.2239 1.16787
19940209 0.2315 0.6036 5.1721
19940210 11.575 0.7533 9.85495
19940211 10.649 0.0509 3.32292
19940212 0.2315 0.2275 5.45039
19940213 0 0.1775 11.01664
19940214 0 0 13.0325
19940215 0.926 0.008 5.42429
19940216 12.501 0.1652 10.7168
19940217 2.0835 0.2159 1.36218
19940218 7.871 0.0452 1.60149
19940219 0.926 0.0688 3.90093
19940220 2.0835 0.0783 3.04346
19940221 2.0835 0.4396 4.29088
19940222 0.2315 0.0969 3.15999
19940223 1.389 0.0022 4.00814
19940224 0.2315 0.0019 6.22951
19940225 7.1765 0.0386 2.59067
19940226 6.482 0.2369 4.54739
19940227 24.539 0.3473 4.46159
19940228 12.964 0.2791 5.69351
19940301 8.797 0.6619 10.38426
19940302 2.778 1.2005 15.54168
19940303 7.871 0.6557 11.86299
19940304 3.0095 0.5866 5.66929
19940305 4.63 1.1935 13.6191
19940306 15.0475 0.5567 14.8887
19940307 24.7705 0.2952 2.57371
19940308 12.964 0.5512 1.5521
19940309 26.391 0.6329 3.94261
19940310 0 1.2105 1.48202
19940311 16.4365 0.3881 1.03304
19940312 31.2525 0.5718 1.82971
19940313 5.7875 1.15 7.47975
19940314 24.7705 0.7899 2.81464
19940315 27.0855 0.9434 12.61938
19940316 4.167 0.8341 7.67617
19940317 5.556 1.1103 16.64332
19940318 62.968 0.3407 11.94123
19940319 0.2315 1.5279 15.07436
19940320 0.6945 1.4781 9.10735
19940321 1.389 0.7017 5.44296
19940322 21.9925 0.4394 2.01234
19940323 25.2335 0.206 0.91623
19940324 27.5485 1.6471 1.61849
19940325 38.6605 0.5808 0.86145
19940326 0.2315 2.5483 2.38978
19940327 8.5655 0.4013 0.7295
19940328 17.594 0.3815 0.71839
19940329 0 2.1743 5.42822
19940330 16.8995 0.5712 1.81534
19940331 12.501 0.9819 4.87444
19940401 42.133 0.4806 5.22755
19940402 8.5655 0.9678 4.71478
19940403 40.281 0.3266 4.56616
19940404 16.4365 0.6234 4.78331
19940405 19.446 0.7151 3.96444
19940406 3.704 1.5631 3.64582
19940407 25.002 0.509 1.93513
19940408 37.04 0.3157 5.65839
19940409 20.6035 0.7565 1.66276
19940410 6.019 1.9001 1.18252
19940411 0 3.2723 1.11445
19940412 3.4725 1.0572 2.63037
19940413 0 2.7473 4.05727
19940414 0 2.6847 13.83058
19940415 0 2.1842 7.6131
19940416 0 0.9989 7.20006
19940417 0 1.2043 5.62874
19940418 0 1.8141 1.58335
19940419 2.0835 1.2689 5.15036
19940420 5.556 1.4468 11.53885
19940421 6.2505 1.2471 4.75868
19940422 5.3245 1.8931 5.13898
19940423 4.3985 1.8152 2.04246
19940424 2.778 1.176 1.09525
19940425 16.4365 0.9479 1.15444
19940426 0.463 3.6544 4.97784
19940427 6.019 1.3616 8.13121
19940428 0.463 1.5123 5.07189
19940429 0 2.867 4.94332
19940430 0.2315 3.7844 9.99884
19940501 0 3.6886 13.65969
19940502 0 4.2362 4.19892
19940503 6.482 1.9003 12.77678
19940504 3.241 1.3462 1.56231
19940505 19.909 0.7071 1.42966
19940506 0.6945 2.4345 2.59882
19940507 1.1575 2.0658 4.53839
19940508 0.6945 2.7934 4.05104
19940509 0.2315 2.5846 3.31807
19940510 0 1.2251 3.73715
19940511 0 2.0312 6.2352
19940512 3.704 2.1194 2.46578
19940513 0 2.0151 4.88749
19940514 7.6395 3.1357 4.53627
19940515 7.871 1.963 5.52245
19940516 5.093 0.2809 7.54766
19940517 0 3.0265 17.68577
19940518 0 1.9789 11.73488
19940519 0 2.4725 6.52282
19940520 0 0.3759 11.48988
19940521 2.5465 0.2468 16.51317
19940522 2.0835 0.9933 3.07121
19940523 3.9355 0.4749 1.7385
19940524 6.482 0.3782 3.49786
19940525 1.389 0.4814 1.96539
19940526 2.315 0.9371 1.03125
19940527 0 1.1496 1.58706
19940528 0 2.5212 7.45295
19940529 0 2.8016 2.73643
19940530 0 4.2155 10.31517
19940531 0 4.8758 8.97116
19940601 2.778 2.074 17.12665
19940602 0.2315 2.2054 10.79247
19940603 37.503 1.2192 14.79496
19940604 9.0285 1.2608 10.79873
19940605 1.852 3.1061 5.85911
19940606 14.5845 2.161 2.17407
19940607 10.649 1.1034 0.9638
19940608 0.926 3.0423 1.45503
19940609 0.463 2.0471 1.03993
19940610 0 1.5258 2.349
19940611 0 3.3851 0.78335
19940612 0 2.0802 0.71235
19940613 0 4.682 5.26324
19940614 0 5.1529 1.87421
19940615 0 4.8706 4.58207
19940616 0 4.1386 5.28377
19940617 0 4.1506 4.84811
19940618 0.2315 1.7917 2.89069
19940619 7.1765 0.9401 6.53087
19940620 0 1.926 3.87246
19940621 65.283 0.7964 3.4625
19940622 0 3.247 2.0776
19940623 0 4.5215 5.68181
19940624 1.1575 2.4656 1.63
19940625 0 1.1203 1.43085
19940626 5.3245 2.8407 0.79029
19940627 0.6945 1.8081 2.94184
19940628 1.852 5.2422 3.84587
19940629 0 3.5613 11.22961
19940630 0 3.3727 9.83276
19940701 0 2.8652 7.53549
19940702 0.2315 1.2634 5.65316
19940703 0 2.0132 1.72266
19940704 10.649 0.7625 4.38929
19940705 7.6395 2.2556 11.50936
19940706 16.205 2.2709 5.14617
19940707 0 3.8876 4.23167
19940708 0 2.2409 3.27738
19940709 0 3.6072 1.29103
19940710 0.463 0.9767 1.11955
19940711 0 4.3508 4.53271
19940712 0.2315 4.7767 7.99548
19940713 0.2315 5.0401 5.34432
19940714 0 4.396 3.64187
19940715 2.0835 2.9147 9.38016
19940716 0 5.1033 15.16739
19940717 0 4.8155 4.01474
19940718 0 4.7228 13.27039
19940719 0 4.1217 1.90788
19940720 0 4.5464 1.18673
19940721 1.852 1.6513 2.69249
19940722 0.2315 4.5689 4.74057
19940723 0.2315 5.37 3.57963
19940724 0.6945 2.0667 3.65616
19940725 0 3.2364 2.5338
19940726 14.5845 0.7252 6.13091
19940727 8.5655 4.2422 3.89798
19940728 0 4.003 4.78393
19940729 0 4.5 4.56169
19940730 0 3.3698 4.94768
19940731 5.556 2.0886 7.11085
19940801 13.1955 1.5945 17.51846
19940802 13.6585 0.6756 11.95904
19940803 3.704 1.7543 7.25111
19940804 6.945 3.3756 9.98923
19940805 1.852 2.9439 15.97762
19940806 0 2.4703 5.34065
19940807 1.1575 2.6342 1.78103
19940808 0 2.535 2.78526
19940809 0 2.7825 2.7299
19940810 9.26 0.3089 1.0367
19940811 0.463 2.1987 1.3737
19940812 0 1.9473 7.3032
19940813 0 3.6967 3.04041
19940814 0 3.137 9.77323
19940815 0 4.0724 8.29456
19940816 3.0095 2.2913 13.32267
19940817 21.9925 1.0784 14.6776
19940818 7.871 1.34 14.50033
19940819 0.2315 2.5503 10.97803
19940820 1.1575 1.3487 6.91936
19940821 1.389 2.849 2.36953
19940822 0.926 3.4559 1.04275
19940823 7.6395 2.3651 1.42596
19940824 21.761 1.4017 1.08909
19940825 3.9355 2.8682 2.26063
19940826 11.575 1.8264 0.87363
19940827 3.9355 2.4423 0.70714
19940828 5.3245 2.2091 5.02184
19940829 0.926 1.7058 2.01795
19940830 0 2.9174 4.22948
19940831 12.964 0.2285 4.16937
19940901 6.7135 1.5029 6.0711
19940902 0 3.9413 1.6033
19940903 9.0285 0.7665 7.98183
19940904 11.112 1.1002 3.65505
19940905 0.2315 2.4002 3.30753
19940906 13.89 1.0238 2.57335
19940907 4.3985 1.9754 5.58636
19940908 11.3435 1.2746 1.62438
19940909 28.243 1.291 1.56466
19940910 8.5655 1.1978 0.81601
19940911 16.4365 1.565 2.88845
19940912 32.873 0.754 3.45505
19940913 2.778 1.6012 8.79536
19940914 27.317 0.2312 11.56888
19940915 15.0475 0.6176 8.36402
19940916 0.463 2.0892 5.51755
19940917 0 2.0032 1.8979
19940918 0.926 0.9538 4.18718
19940919 18.2885 0.7865 8.64974
19940920 8.797 1.3157 7.55357
19940921 1.6205 1.0582 4.75716
19940922 0 1.0328 3.4606
19940923 0.2315 0.6196 1.4938
19940924 5.7875 1.1312 1.07058
19940925 6.945 0.1337 3.82989
19940926 0.463 1.2629 7.89006
19940927 0.463 0.7491 5.96924
19940928 1.1575 0.802 2.71407
19940929 0 0.8756 9.50931
19940930 1.389 0.5163 14.86582
19941001 6.019 0.6698 5.0882
19941002 28.243 0.4697 12.51308
19941003 3.4725 0.7341 2.91702
19941004 0 1.5028 1.10507
19941005 0.2315 1.2864 2.38323
19941006 0 1.3004 5.05983
19941007 0 0.9668 3.03619
19941008 0.2315 0.7108 4.0079
19941009 0 1.5114 2.07012
19941010 0 2.0039 6.0372
19941011 0.463 0.7823 4.64422
19941012 0 1.791 4.68895
19941013 0 1.8874 4.5476
19941014 0 1.96 2.372
19941015 0 1.9491 6.82138
19941016 0.2315 0.1974 18.78249
19941017 0 0.803 9.90894
19941018 0 1.0305 10.69492
19941019 9.26 0.1454 8.55262
19941020 0.2315 0.5837 16.39756
19941021 15.279 0.3844 6.58945
19941022 34.725 0.2545 1.85494
19941023 8.334 0.8315 2.77448
19941024 14.5845 0.6635 2.78532
19941025 21.5295 0.5876 0.96794
19941026 36.3455 0.4315 1.26968
19941027 12.964 0.5036 6.94261
19941028 4.63 0.8552 3.52406
19941029 36.114 0.4764 9.38558
19941030 38.429 0.541 8.58375
19941031 25.2335 0.5824 8.20405
19941101 0.463 0.8654 19.04438
19941102 1.389 0.4049 12.24986
19941103 12.2695 0.1662 13.70337
19941104 0 0.667 6.93454
19941105 0 0.5248 2.68931
19941106 0 0.8215 1.12885
19941107 4.167 0.1453 1.42368
19941108 13.1955 0.1383 1.15484
19941109 7.871 0.3094 2.19216
19941110 1.389 0.1191 0.9508
19941111 2.0835 0.1171 0.69942
19941112 17.131 0.1871 4.51223
19941113 48.152 0.2169 2.4097
19941114 21.0665 0.5573 3.72357
19941115 5.556 0.6639 3.01127
19941116 12.964 0.4578 6.89892
19941117 3.241 0.4774 2.54102
19941118 13.427 0.3945 7.73784
19941119 15.5105 0.2189 3.09114
19941120 36.3455 0.2911 3.11009
19941121 0 0.5217 3.52051
19941122 1.1575 0.3106 5.46452
19941123 0.6945 0.4528 1.73768
19941124 1.852 0.1704 1.62479
19941125 2.315 0.1984 0.84548
19941126 0.926 0.2294 2.82268
19941127 0.463 0.1961 2.73116
19941128 0.2315 0.3457 7.14674
19941129 0 0.1254 13.74765
19941130 0 0.0852 8.37491
19941201 0.2315 0.0828 4.98075
19941202 0 0.1852 2.64753
19941203 16.205 0.4091 3.69521
19941204 35.8825 0.3717 8.33568
19941205 12.501 0.4142 7.72617
19941206 12.038 0.5939 5.15874
19941207 10.649 0.4156 3.6002
19941208 18.52 0.481 1.59445
19941209 0 0.4052 1.01298
19941210 10.8805 0.2662 2.84668
19941211 10.8805 0.259 7.15727
19941212 7.6395 0.2093 7.57
19941213 24.3075 0.1958 2.66869
19941214 0 0.2932 8.51808
19941215 6.019 0.2483 15.42676
19941216 2.778 0.3156 5.68512
19941217 27.78 0.3451 10.39706
19941218 13.1955 0.334 5.07309
19941219 7.1765 0.3656 1.08695
19941220 9.9545 0.1798 1.98638
19941221 0 0.1425 5.35565
19941222 0.2315 0.2837 2.37041
19941223 0 0.3677 4.19405
19941224 12.038 0.297 2.29521
19941225 13.89 0.2486 5.98351
19941226 59.9585 0.2234 4.96357
19941227 118.2965 0.3546 4.58176
19941228 74.543 0.3446 4.47888
19941229 9.723 0.4774 1.76084
19941230 30.095 0.4838 6.19347
19941231 4.167 0.3349 19.44001
19950101 1.389 0.1583 9.34972
19950102 0 0.0397 11.71024
19950103 0 0.0526 7.28155
19950104 14.816 0.1892 15.49526
19950105 23.3815 0.3314 8.90326
19950106 3.4725 0.2056 2.06999
19950107 9.0285 0.2809 2.69366
19950108 15.279 0.33 2.85802
19950109 10.186 0.3348 1.00797
19950110 70.839 0.3311 1.11994
19950111 0.463 0.3835 6.46318
19950112 0 0.352 4.06202
19950113 18.057 0.3109 9.01416
19950114 19.6775 0.3027 8.8944
19950115 8.797 0.3841 7.9466
19950116 6.019 0.6751 18.16785
19950117 19.6775 0.2044 13.09216
19950118 0.2315 0.1532 13.5058
19950119 13.6585 0.1249 6.00265
19950120 5.556 0.3815 4.11365
19950121 26.6225 0.5429 1.25816
19950122 6.2505 0.4708 1.408
19950123 10.186 0.6503 1.24006
19950124 3.0095 0.4277 2.11276
19950125 39.20067 0.1247 1.03887
19950126 1.46617 0.1403 0.68776
19950127 26.6225 0.137 3.2415
19950128 37.04 0.5335 3.5406
19950129 5.3245 0.3994 3.16955
19950130 2.315 0.5038 3.60539
19950131 47.226 0.269 6.28748
19950201 6.7135 0.3185 3.23302
19950202 0.2315 0.7544 7.3815
19950203 6.019 0.5855 2.96433
19950204 0.2315 0.2958 3.28103
19950205 10.8805 0.2903 3.76159
19950206 3.4725 0.5798 5.23751
19950207 3.4725 0.402 1.98027
19950208 4.3985 0.1532 1.67355
19950209 2.5465 0.0703 0.87845
19950210 6.7135 0.125 2.74798
19950211 39.355 0.3028 2.18947
19950212 28.4745 0.8177 7.0143
19950213 25.6965 0.5087 14.16967
19950214 13.1955 0.6469 8.4486
19950215 13.6585 0.7272 2.73338
19950216 21.761 0.6989 5.10635
19950217 8.334 0.7975 3.07436
19950218 33.799 0.5728 8.05282
19950219 18.983 0.5125 8.42799
19950220 20.1405 0.4996 4.99432
19950221 11.3435 0.7097 3.91952
19950222 15.5105 0.4414 1.65389
19950223 13.427 0.4157 0.90782
19950224 12.038 0.3384 1.50565
19950225 3.241 0.6202 7.55765
19950226 0.463 0.7837 8.39069
19950227 9.0285 0.4429 2.62166
19950228 3.704 0.389 7.692
19950301 32.1785 0.6109 15.39188
19950302 4.3985 0.1121 6.73682
19950303 6.019 0.1663 9.0706
19950304 3.4725 0.1945 6.45653
19950305 11.112 0.4773 1.11072
19950306 5.093 0.3447 1.83012
19950307 5.093 0.1851 5.29096
19950308 4.167 0.357 2.4118
19950309 1.6205 0.2648 3.92955
19950310 0 0.937 2.61636
19950311 2.315 0.4338 5.61144
19950312 0.2315 1.443 5.31047
19950313 8.5655 1.9141 4.51742
19950314 25.6965 0.54 3.91708
19950315 4.3985 0.625 2.50287
19950316 23.613 0.7761 5.90418
19950317 40.0495 0.9903 18.8753
19950318 19.6775 1.1696 9.4712
19950319 6.482 1.1708 11.66448
19950320 3.704 0.4986 6.82314
19950321 0.463 0.8732 14.9037
19950322 0 2.0047 10.57103
19950323 0 3.4585 2.19
19950324 2.0835 1.5727 2.51951
19950325 6.945 0.9455 2.98992
19950326 21.0665 0.4671 1.14265
19950327 10.8805 1.6166 1.09424
19950328 37.04 0.2403 4.89728
19950329 0 2.0568 5.46297
19950330 0.6945 0.9564 8.17645
19950331 3.0095 0.6818 9.62217
19950401 1.1575 1.4128 7.34861
19950402 0 2.7809 17.95359
19950403 1.6205 0.7557 13.64493
19950404 0.2315 1.5045 12.7993
19950405 7.408 0.6491 6.64782
19950406 0.6945 2.786 4.41571
19950407 0.2315 1.9782 1.589
19950408 0 0.7428 1.26399
19950409 0 1.9074 1.37205
19950410 1.6205 2.246 1.98869
19950411 0 2.3101 1.17081
19950412 0 3.3096 0.67782
19950413 0 3.3763 2.83431
19950414 0 3.1769 3.75503
19950415 0 1.8883 2.91891
19950416 1.6205 0.7826 3.94558
19950417 35.4195 0.4721 5.34189
19950418 7.871 2.1969 4.25318
19950419 1.1575 1.7008 6.6255
19950420 2.0835 1.4255 3.39989
19950421 0.463 1.5321 3.31969
19950422 9.9545 0.334 3.96263
19950423 1.6205 1.6032 4.63408
19950424 0.926 1.4962 2.64334
19950425 0 3.3315 1.68358
19950426 0 2.7863 0.91302
19950427 0 2.6156 2.65431
19950428 0 3.0434 1.13907
19950429 1.389 0.3234 7.08866
19950430 0.2315 2.8383 14.98954
19950501 0 3.0929 8.32891
19950502 0 3.9119 2.64487
19950503 0 4.9058 5.50888
19950504 0 5.4915 2.74987
19950505 0 5.0916 6.56077
19950506 0 5.6318 9.9437
19950507 0 4.2229 4.51499
19950508 0 1.2174 4.70591
19950509 0 2.2477 1.67742
19950510 0.463 2.5408 0.83641
19950511 5.093 0.7377 1.21955
19950512 3.4725 1.5322 6.61163
19950513 0 2.1001 9.41196
19950514 0 2.7811 2.62293
19950515 0.2315 3.3937 7.14307
19950516 6.019 0.5284 13.04635
19950517 21.9925 0.668 9.77563
19950518 4.8615 2.7025 6.84752
19950519 4.63 2.9467 8.77962
19950520 0 1.5538 1.15454
19950521 0 2.4645 1.76635
19950522 0 2.7667 4.98421
19950523 0 3.0779 2.50516
19950524 6.482 0.9 3.90017
19950525 3.704 2.5647 2.9096
19950526 1.1575 2.0452 5.12398
19950527 10.8805 1.4516 5.58993
19950528 2.778 2.0864 4.44745
19950529 18.983 1.1847 3.439
19950530 1.852 1.8502 3.22921
19950531 0 1.9938 5.85996
19950601 1.389 1.9376 16.24158
19950602 0.463 2.3676 11.36158
19950603 22.9185 1.7182 11.81959
19950604 2.315 2.5796 6.81665
19950605 0 2.5888 14.58837
19950606 3.0095 1.7041 11.4161
19950607 4.63 3.243 2.22852
19950608 0.6945 3.0482 2.08345
19950609 0 4.1798 3.49125
19950610 0 1.8057 1.18772
19950611 3.0095 1.2522 1.07194
19950612 0 2.5199 3.24169
19950613 0 2.1743 6.87659
19950614 0 2.7415 5.32278
19950615 0 3.7459 12.19815
19950616 5.556 1.8059 6.72993
19950617 21.761 1.3722 16.48413
19950618 0 3.6256 15.46961
19950619 0.926 1.249 12.84706
19950620 7.1765 2.5847 7.13964
19950621 0 4.5978 4.50549
19950622 0 5.3333 1.80086
19950623 0 5.9446 1.07078
19950624 0 4.2271 1.54444
19950625 0 4.9021 1.72356
19950626 0 3.6838 1.44467
19950627 0 6.5682 0.66604
19950628 0 6.0524 2.56773
19950629 0 6.7023 3.80249
19950630 0 7.0107 2.7152
19950701 0 1.1947 4.25159
19950702 0 2.3443 5.11254
19950703 0 3.7727 4.56494
19950704 0.6945 1.4413 6.28132
19950705 0 3.5804 3.46451
19950706 5.093 1.7505 3.5883
19950707 0.926 3.9443 3.87224
19950708 0.2315 4.8238 3.64122
19950709 0 5.4544 3.71967
19950710 9.0285 1.2625 1.68064
19950711 1.389 1.1955 0.95203
19950712 0.2315 4.471 2.52162
19950713 0 3.2399 1.27013
19950714 19.909 2.5479 5.07438
19950715 12.501 1.9339 16.60536
19950716 9.26 3.0832 7.91563
19950717 14.816 2.2532 3.39458
19950718 40.744 0.7432 5.55237
19950719 3.241 2.5237 2.29147
19950720 0.2315 3.8609 5.29882
19950721 2.0835 2.3233 11.39357
19950722 0 3.3794 4.49768
19950723 0 3.7801 4.94955
19950724 0 4.6712 1.72214
19950725 0 6.6753 0.90449
19950726 0 3.1197 1.18579
19950727 0 4.1129 5.35779
19950728 2.778 1.5807 10.31484
19950729 0 4.6079 2.81656
19950730 8.5655 2.7296 6.69636
19950731 11.8065 5.2311 10.80308
19950801 0 4.8693 12.3664
19950802 0 4.6885 6.23976
19950803 0 5.8935 9.55398
19950804 0 4.3741 1.22737
19950805 0 4.9226 1.70127
19950806 0 5.4664 4.62208
19950807 0 3.1359 2.32817
19950808 0 4.6037 4.33578
19950809 0 5.1874 3.0575
19950810 0 5.4944 4.26234
19950811 0 5.4041 6.10255
19950812 2.315 2.0705 4.12403
19950813 1.1575 2.6188 3.44994
19950814 0 2.0649 3.89335
19950815 0 4.1499 5.77258
19950816 0.2315 4.5019 12.72384
19950817 0 4.6262 13.68158
19950818 0 4.5352 12.29003
19950819 0 3.9977 6.09724
19950820 0 4.436 13.17239
19950821 0 5.0397 14.20736
19950822 0 5.0182 2.34132
19950823 3.241 3.7246 1.59838
19950824 5.093 1.1995 3.96153
19950825 0 2.3837 1.2994
19950826 6.2505 1.468 1.02918
19950827 0.2315 1.9308 2.25823
19950828 0 3.0963 7.24416
19950829 1.852 1.2654 3.72453
19950830 0 1.5337 12.34621
19950831 0 2.8563 7.58469
19950901 0 2.1415 16.72837
19950902 6.019 2.3302 14.40989
19950903 5.093 1.5042 13.61887
19950904 3.241 0.9336 7.97026
19950905 13.427 0.8471 4.87971
19950906 5.3245 1.8865 1.89487
19950907 6.2505 1.2554 0.97043
19950908 0.463 1.1258 1.60544
19950909 0 2.7945 0.83808
19950910 13.427 1.0911 2.36396
19950911 0 2.9216 0.68814
19950912 5.556 1.7658 2.04265
19950913 0 2.9899 4.23449
19950914 4.167 0.4236 2.17457
19950915 0.926 1.05 4.68578
19950916 0 1.644 5.12323
19950917 2.0835 1.0931 4.66334
19950918 4.167 1.0551 5.0349
19950919 0 1.7711 4.52386
19950920 0 1.6532 3.76515
19950921 0 3.0171 3.73511
19950922 1.389 1.4957 2.34666
19950923 5.556 2.5938 5.14479
19950924 42.8275 1.3754 1.67249
19950925 18.52 1.0611 1.05334
19950926 37.7345 1.1446 2.15147
19950927 6.482 1.5018 1.61956
19950928 2.315 1.6846 4.1998
19950929 0 1.8314 16.5292
19950930 5.093 0.8835 6.73366
19951001 8.5655 1.9097 5.4049
19951002 3.704 0.9309 5.59941
19951003 7.1765 0.6422 1.80323
19951004 12.038 1.1743 5.42712
19951005 4.63 1.6537 11.40208
19951006 17.131 0.5652 4.54616
19951007 27.317 0.3579 5.16454
19951008 0 3.2815 1.82842
19951009 0 1.8025 0.99092
19951010 0 1.556 1.16787
19951011 0 0.9924 5.1721
19951012 0.2315 1.4914 9.85495
19951013 0.2315 0.7568 3.32292
19951014 0.2315 0.6779 5.45039
19951015 2.778 0.8109 11.01664
19951016 0.926 0.9905 13.0325
19951017 7.6395 0.7244 5.42429
19951018 0.2315 0.9768 10.7168
19951019 0 0.5534 1.36218
19951020 0.463 0.7789 1.60149
19951021 0 1.3694 3.90093
19951022 0 0.5917 3.04346
19951023 0 0.9753 4.29088
19951024 19.2145 0.5001 3.15999
19951025 6.2505 1.4391 4.00814
19951026 5.3245 0.9597 6.22951
19951027 5.3245 0.8632 2.59067
19951028 0 1.0576 4.54739
19951029 0.2315 0.38 4.46159
19951030 0 0.449 5.69351
19951031 0 1.0527 10.38426
19951101 0.2315 0.7733 15.54168
19951102 0 1.1905 11.86299
19951103 0.2315 0.6249 5.66929
19951104 0 0.8964 13.6191
19951105 0 0.8468 14.8887
19951106 0 1.2353 2.57371
19951107 1.389 0.233 1.5521
19951108 5.3245 0.3951 3.94261
19951109 4.63 0.1965 1.48202
19951110 0.926 0.1301 1.03304
19951111 17.131 0.0997 1.82971
19951112 11.112 0.1221 7.47975
19951113 1.6205 0.7487 2.81464
19951114 6.945 0.4747 12.61938
19951115 13.6585 0.396 7.67617
19951116 7.1765 0.2232 16.64332
19951117 0.2315 0.6048 11.94123
19951118 0 0.721 15.07436
19951119 2.778 0.3097 9.10735
19951120 0.463 0.4811 5.44296
19951121 14.353 0.1777 2.01234
19951122 7.408 0.3753 0.91623
19951123 7.871 0.4234 1.61849
19951124 12.7325 0.3414 0.86145
19951125 4.8615 0.2605 2.38978
19951126 3.0095 0.3093 0.7295
19951127 9.0285 0.1073 0.71839
19951128 3.0095 0.1974 5.42822
19951129 1.852 0.1008 1.81534
19951130 0 0.1378 4.87444
19951201 5.3245 0.1709 5.22755
19951202 3.4725 0.1326 4.71478
19951203 4.8615 0.1902 4.56616
19951204 1.1575 0.1576 4.78331
19951205 0.2315 0.1149 3.96444
19951206 0 0.0776 3.64582
19951207 0 0.0192 1.93513
19951208 1.852 0.0357 5.65839
19951209 1.389 0.3283 1.66276
19951210 0.463 0.319 1.18252
19951211 0 0.1236 1.11445
19951212 1.6205 0.3004 2.63037
19951213 0.2315 0.2005 4.05727
19951214 1.852 0.216 13.83058
19951215 0 0.3311 7.6131
19951216 0 0.2082 7.20006
19951217 4.167 0.0616 5.62874
19951218 0 0.0727 1.58335
19951219 4.167 0.0568 5.15036
19951220 0.2315 0.0589 11.53885
19951221 2.315 0.0345 4.75868
19951222 66.209 0.2176 5.13898
19951223 14.5845 0.0363 2.04246
19951224 1.1575 0.0478 1.09525
19951225 0 0.0349 1.15444
19951226 0 0.0071 4.97784
19951227 0 0.008 8.13121
19951228 0 0.0081 5.07189
19951229 0 0.0686 4.94332
19951230 0 0.0447 9.99884
19951231 0 0.0428 13.65969
19960101 2.5465 0.0422 4.19892
19960102 7.1765 0.119 12.77678
19960103 1.1575 0.1779 1.56231
19960104 3.704 0.204 1.42966
19960105 3.4725 0.1025 2.59882
19960106 5.3245 0.1832 4.53839
19960107 17.131 0.3103 4.05104
19960108 14.353 0.1945 3.31807
19960109 1.389 0.3217 3.73715
19960110 2.315 0.2376 6.2352
19960111 8.797 0.1276 2.46578
19960112 22.687 0.2555 4.88749
19960113 2.0835 0.4259 4.53627
19960114 0.926 0.2701 5.52245
19960115 0 0.2609 7.54766
19960116 0.2315 0.4479 17.68577
19960117 0 0.1669 11.73488
19960118 0.463 0.0782 6.52282
19960119 0 0.1108 11.48988
19960120 0 0.3516 16.51317
19960121 0.2315 0.0721 3.07121
19960122 0 0.098 1.7385
19960123 0 0.0812 3.49786
19960124 0 0.0506 1.96539
19960125 0 0.1102 1.03125
19960126 0 0.1102 1.58706
19960127 0 0.0193 7.45295
19960128 0 0.0306 2.73643
19960129 0 0.0238 10.31517
19960130 0 0.0148 8.97116
19960131 0 0.0079 17.12665
19960201 0 0.0025 10.79247
19960202 0 0 14.79496
19960203 2.0835 0.0255 10.79873
19960204 0.463 0.3066 5.85911
19960205 0 0.05 2.17407
19960206 0 0.0343 0.9638
19960207 0 0.017 1.45503
19960208 0.6945 0.1265 1.03993
19960209 14.1215 0.4731 2.349
19960210 47.4575 0.3852 0.78335
19960211 36.577 0.5663 0.71235
19960212 21.761 0.195 5.26324
19960213 0.2315 0.1846 1.87421
19960214 2.315 0.5898 4.58207
19960215 3.4725 0.4271 5.28377
19960216 4.167 0.817 4.84811
19960217 24.076 0.4321 2.89069
19960218 19.446 0.2615 6.53087
19960219 0.463 0.5377 3.87246
19960220 0.463 0.2911 3.4625
19960221 0.2315 0.5093 2.0776
19960222 1.852 0.2952 5.68181
19960223 5.7875 0.3012 1.63
19960224 14.816 0.3969 1.43085
19960225 1.852 0.117 0.79029
19960226 6.482 0.1741 2.94184
19960227 1.389 0.503 3.84587
19960228 0 0.928 11.22961
19960229 0 0.8493 9.83276
19960301 0 1.0781 7.53549
19960302 0 0.7698 5.65316
19960303 0 0.7673 1.72266
19960304 0 0.695 4.38929
19960305 0 0.5007 11.50936
19960306 0 0.691 5.14617
19960307 0.6945 1.4097 4.23167
19960308 3.0095 0.2707 3.27738
19960309 3.704 0.2969 1.29103
19960310 0.463 0.7863 1.11955
19960311 15.9735 0.695 4.53271
19960312 9.26 0.0649 7.99548
19960313 3.0095 0.0703 5.34432
19960314 2.0835 0.2452 3.64187
19960315 2.5465 0.0604 9.38016
19960316 3.9355 0.147 15.16739
19960317 2.5465 0.2706 4.01474
19960318 4.167 0.2254 13.27039
19960319 0.2315 0.8181 1.90788
19960320 0.2315 0.2923 1.18673
19960321 7.1765 0.1835 2.69249
19960322 6.7135 0.3057 4.74057
19960323 7.6395 0.7203 3.57963
19960324 0.926 0.2668 3.65616
19960325 15.279 0.1801 2.5338
19960326 3.9355 0.1566 6.13091
19960327 1.1575 1.4637 3.89798
19960328 0.926 0.7689 4.78393
19960329 0 1.6069 4.56169
19960330 0 1.6908 4.94768
19960331 0 0.7458 7.11085
19960401 0 1.622 17.51846
19960402 0.6945 1.3235 11.95904
19960403 0 1.311 7.25111
19960404 0 2.6596 9.98923
19960405 0 2.6659 15.97762
19960406 0 1.5338 5.34065
19960407 0 2.5527 1.78103
19960408 1.852 0.3188 2.78526
19960409 0.463 0.9232 2.7299
19960410 3.4725 1.028 1.0367
19960411 1.389 2.2694 1.3737
19960412 25.6965 0.2535 7.3032
19960413 4.167 0.3704 3.04041
19960414 3.9355 0.4281 9.77323
19960415 1.1575 0.7121 8.29456
19960416 9.723 0.5627 13.32267
19960417 6.019 1.5717 14.6776
19960418 25.928 0.6342 14.50033
19960419 2.5465 2.1141 10.97803
19960420 0 1.8961 6.91936
19960421 8.5655 1.1096 2.36953
19960422 4.167 2.1853 1.04275
19960423 10.4175 1.6591 1.42596
19960424 3.4725 2.0422 1.08909
19960425 0 2.3701 2.26063
19960426 0 2.8679 0.87363
19960427 0.2315 2.6597 0.70714
19960428 0 2.165 5.02184
19960429 0.463 1.2478 2.01795
19960430 5.556 0.9158 4.22948
19960501 12.964 0.7503 4.16937
19960502 0.2315 0.2513 6.0711
19960503 0 2.4173 1.6033
19960504 0 2.337 7.98183
19960505 0 2.398 3.65505
19960506 0 2.3033 3.30753
19960507 0 2.1267 2.57335
19960508 0 3.2436 5.58636
19960509 0 2.0147 1.62438
19960510 0 2.6643 1.56466
19960511 0 1.6902 0.81601
19960512 0 2.2391 2.88845
19960513 0 3.2307 3.45505
19960514 0 3.9442 8.79536
19960515 0 2.6861 11.56888
19960516 0 2.0699 8.36402
19960517 0 1.7898 5.51755
19960518 4.167 2.1067 1.8979
19960519 39.818 0.5358 4.18718
19960520 7.1765 2.9049 8.64974
19960521 2.315 2.8753 7.55357
19960522 15.9735 0.8377 4.75716
19960523 43.059 1.375 3.4606
19960524 8.797 3.0473 1.4938
19960525 0 2.3071 1.07058
19960526 25.465 0.8579 3.82989
19960527 5.556 2.8426 7.89006
19960528 4.63 1.164 5.96924
19960529 21.0665 0.9713 2.71407
19960530 5.7875 3.8293 9.50931
19960531 2.315 2.5642 14.86582
19960601 1.1575 2.9827 5.0882
19960602 0 2.9711 12.51308
19960603 5.093 0.8602 2.91702
19960604 0 4.612 1.10507
19960605 0 3.8204 2.38323
19960606 0 4.1949 5.05983
19960607 0.926 2.2449 3.03619
19960608 0 4.8379 4.0079
19960609 1.852 2.748 2.07012
19960610 6.7135 1.7386 6.0372
19960611 19.6775 0.8002 4.64422
19960612 0 4.3114 4.68895
19960613 0 4.4899 4.5476
19960614 0 4.506 2.372
19960615 0 5.46 6.82138
19960616 0 6.3662 18.78249
19960617 0 6.5866 9.90894
19960618 0 4.2283 10.69492
19960619 0 4.0869 8.55262
19960620 0 3.0891 16.39756
19960621 0 3.5389 6.58945
19960622 0 4.2283 1.85494
19960623 0 4.0792 2.77448
19960624 0 4.0721 2.78532
19960625 0 3.8959 0.96794
19960626 2.5465 3.6323 1.26968
19960627 0 4.4772 6.94261
19960628 21.9925 1.6027 3.52406
19960629 0 1.7255 9.38558
19960630 2.5465 1.4252 8.58375
19960701 10.8805 1.3971 8.20405
19960702 0.926 2.478 19.04438
19960703 16.4365 1.7477 12.24986
19960704 9.4915 1.6743 13.70337
19960705 11.575 2.157 6.93454
19960706 4.8615 4.0546 2.68931
19960707 0 2.1094 1.12885
19960708 0 3.1014 1.42368
19960709 2.778 1.3415 1.15484
19960710 0 4.0653 2.19216
19960711 0.6945 2.1658 0.9508
19960712 3.0095 2.5656 0.69942
19960713 2.5465 2.7593 4.51223
19960714 1.6205 4.8605 2.4097
19960715 0 5.5344 3.72357
19960716 0 4.7512 3.01127
19960717 0 5.8505 6.89892
19960718 0 5.4416 2.54102
19960719 0 5.4832 7.73784
19960720 0 6.1688 3.09114
19960721 0 5.4998 3.11009
19960722 0 5.1878 3.52051
19960723 0 3.2238 5.46452
19960724 0 2.8711 1.73768
19960725 0 5.28 1.62479
19960726 0.926 2.4457 0.84548
19960727 0 4.3719 2.82268
19960728 10.8805 0.9877 2.73116
19960729 0.463 4.2693 7.14674
19960730 12.2695 1.2526 13.74765
19960731 1.1575 2.4425 8.37491
19960801 2.778 2.6847 4.98075
19960802 0.6945 2.0713 2.64753
19960803 0 2.7258 3.69521
19960804 0 4.7274 8.33568
19960805 0 4.1297 7.72617
19960806 21.5295 1.051 5.15874
19960807 3.4725 2.2614 3.6002
19960808 6.019 1.8015 1.59445
19960809 0.463 2.7187 1.01298
19960810 6.7135 2.4172 2.84668
19960811 2.315 2.615 7.15727
19960812 0 3.2809 7.57
19960813 0 4.1528 2.66869
19960814 0 3.4767 8.51808
19960815 0 2.4828 15.42676
19960816 0 3.2243 5.68512
19960817 0 4.0174 10.39706
19960818 0 6.0012 5.07309
19960819 3.704 1.3047 1.08695
19960820 3.241 0.9763 1.98638
19960821 3.0095 2.4035 5.35565
19960822 17.3625 1.2889 2.37041
19960823 32.6415 2.1463 4.19405
19960824 22.687 1.2185 2.29521
19960825 13.427 1.5611 5.98351
19960826 20.835 1.1211 4.96357
19960827 2.5465 1.4736 4.58176
19960828 2.315 2.477 4.47888
19960829 0.2315 1.488 1.76084
19960830 0.463 2.2442 6.19347
19960831 0 2.5573 19.44001
19960901 0 2.2267 9.34972
19960902 0 2.5817 11.71024
19960903 0 1.0139 7.28155
19960904 0 2.0696 15.49526
19960905 0 1.8375 8.90326
19960906 0 2.7869 2.06999
19960907 0 1.6292 2.69366
19960908 0 2.4349 2.85802
19960909 0 2.1591 1.00797
19960910 0 1.1988 1.11994
19960911 0.926 1.6439 6.46318
19960912 1.389 2.4336 4.06202
19960913 0 3.1214 9.01416
19960914 0 3.0241 8.8944
19960915 0 3.2004 7.9466
19960916 0 3.3082 18.16785
19960917 0 2.9725 13.09216
19960918 0 1.2477 13.5058
19960919 6.945 0.7408 6.00265
19960920 0 1.641 4.11365
19960921 0 0.88 1.25816
19960922 0 1.6168 1.408
19960923 0 1.4445 1.24006
19960924 12.501 0.5011 2.11276
19960925 2.315 1.9339 1.03887
19960926 6.482 0.6433 0.68776
19960927 3.241 1.9554 3.2415
19960928 38.892 1.0005 3.5406
19960929 64.82 0.759 3.16955
19960930 0.463 0.9744 3.60539
19961001 3.241 0.9388 6.28748
19961002 0 2.1451 3.23302
19961003 29.632 0.4838 7.3815
19961004 13.427 1.1217 2.96433
19961005 2.778 1.2629 3.28103
19961006 0 0.5493 3.76159
19961007 1.852 0.5295 5.23751
19961008 4.63 0.5086 1.98027
19961009 1.389 0.4537 1.67355
19961010 0 0.8583 0.87845
19961011 0 0.7537 2.74798
19961012 0 0.9209 2.18947
19961013 0 0.553 7.0143
19961014 14.353 0.2875 14.16967
19961015 19.446 0.6092 8.4486
19961016 22.9185 0.2705 2.73338
19961017 5.556 1.0964 5.10635
19961018 24.539 0.3563 3.07436
19961019 7.871 0.5136 8.05282
19961020 39.1235 0.1222 8.42799
19961021 0.463 0.6253 4.99432
19961022 2.315 0.3574 3.91952
19961023 0.2315 1.1717 1.65389
19961024 3.704 0.4855 0.90782
19961025 17.3625 0.8924 1.50565
19961026 14.816 0.6986 7.55765
19961027 38.892 0.4931 8.39069
19961028 27.78 0.4784 2.62166
19961029 3.0095 1.0635 7.692
19961030 1.852 0.5746 15.39188
19961031 81.7195 0.1733 6.73682
19961101 15.5105 0.2022 9.0706
19961102 33.799 0.2366 6.45653
19961103 17.594 0.4813 1.11072
19961104 30.7895 0.5818 1.83012
19961105 27.317 0.8763 5.29096
19961106 33.336 0.8422 2.4118
19961107 14.5845 0.2582 3.92955
19961108 6.945 0.6347 2.61636
19961109 2.315 0.5076 5.61144
19961110 0.463 0.6074 5.31047
19961111 0.926 0.4046 4.51742
19961112 2.5465 0.3225 3.91708
19961113 0 0.5113 2.50287
19961114 1.1575 0.3083 5.90418
19961115 0.463 0.3192 18.8753
19961116 5.093 0.1439 9.4712
19961117 10.649 0.6174 11.66448
19961118 0 0.6589 6.82314
19961119 0 0.0102 14.9037
19961120 2.0835 0.2595 10.57103
19961121 0 0.4184 2.19
19961122 10.186 0.2607 2.51951
19961123 1.1575 0.3644 2.98992
19961124 35.4195 0.1419 1.14265
19961125 8.334 0.2953 1.09424
19961126 0 0.2803 4.89728
19961127 0.463 0.1462 5.46297
19961128 25.465 0.536 8.17645
19961129 33.5675 0.2625 9.62217
19961130 0.926 0.289 7.34861
19961201 7.871 0.3737 17.95359
19961202 1.6205 0.408 13.64493
19961203 51.6245 0.1916 12.7993
19961204 18.057 0.229 6.64782
19961205 2.5465 0.249 4.41571
19961206 0.2315 0.1941 1.589
19961207 1.852 0.6444 1.26399
19961208 3.9355 0.5793 1.37205
19961209 1.389 0.3318 1.98869
19961210 0.2315 0.0701 1.17081
19961211 0.926 0.0438 0.67782
19961212 0.2315 0.0203 2.83431
19961213 0.2315 0.102 3.75503
19961214 4.167 0.2411 2.91891
19961215 4.167 0.1091 3.94558
19961216 1.1575 0.1105 5.34189
19961217 6.7135 0.1442 4.25318
19961218 4.8615 0.1267 6.6255
19961219 2.315 0.0236 3.39989
19961220 4.167 0.0908 3.31969
19961221 0 0.2415 3.96263
19961222 0 0.0759 4.63408
19961223 0 0.0689 2.64334
19961224 0 0.0843 1.68358
19961225 0.6945 0.3338 0.91302
19961226 0 0.2292 2.65431
19961227 4.8615 0.4613 1.13907
19961228 0 0.0616 7.08866
19961229 0 0.1056 14.98954
19961230 0.926 0.0251 8.32891
19961231 0 0 2.64487
