date	P	ETpot	Q	T
20070101	4.78	3.03	7.258	25.3
20070102	6.52	3.03	7.161	25.3
20070103	11.44	3.03	7.068	25.3
20070104	10.65	3.03	6.95	25.3
20070105	2.8	3.03	6.836	25.3
20070106	17.76	3.03	6.763	25.3
20070107	14.91	3.03	6.687	25.3
20070108	18.89	3.03	6.636	25.3
20070109	3.84	3.03	6.566	25.3
20070110	2.55	3.03	6.473	25.3
20070111	10	3.03	6.418	25.3
20070112	13.51	3.03	6.359	25.3
20070113	4.46	3.03	6.404	25.3
20070114	3.31	3.03	6.442	25.3
20070115	0.81	3.03	6.463	25.3
20070116	1.95	3.03	6.521	25.3
20070117	19.01	3.03	6.622	25.3
20070118	3.39	3.03	6.767	25.3
20070119	9.9	3.03	6.387	25.3
20070120	2.41	3.03	6.045	25.3
20070121	6.34	3.03	5.692	25.3
20070122	6.26	3.03	5.308	25.3
20070123	12.71	3.03	4.921	25.3
20070124	11.59	3.03	4.531	25.3
20070125	6.13	3.03	4.185	25.3
20070126	6.8	3.03	3.767	25.3
20070127	11.12	3.03	3.304	25.3
20070128	18.41	3.03	2.827	25.3
20070129	10.3	3.03	2.367	25.3
20070130	7.02	3.03	1.942	25.3
20070131	0.72	3.03	1.555	25.3
20070201	2.82	3.03	8.049	25.3
20070202	0.8	3.03	8.208	25.3
20070203	0.3	3.03	8.09	25.3
20070204	1.38	3.03	7.956	25.3
20070205	5.73	3.03	7.849	25.3
20070206	10.02	3.03	7.811	25.3
20070207	28.74	3.03	7.804	25.3
20070208	4.72	3.03	7.8	25.3
20070209	21.76	3.03	7.797	25.3
20070210	18.28	3.03	7.783	25.3
20070211	0.8	3.03	7.752	25.3
20070212	27.84	3.03	7.714	25.3
20070213	13.32	3.03	7.669	25.3
20070214	6.05	3.03	7.686	25.3
20070215	0.96	3.03	7.721	25.3
20070216	11.22	3.03	7.679	25.3
20070217	10.42	3.03	7.686	25.3
20070218	7.49	3.03	7.773	25.3
20070219	26.13	3.03	7.925	25.3
20070220	13.25	3.03	8.077	25.3
20070221	6.52	3.03	8.229	25.3
20070222	2.33	3.03	7.517	25.3
20070223	16.9	3.03	6.722	25.3
20070224	9.72	3.03	5.996	25.3
20070225	33.64	3.03	5.433	25.3
20070226	9.9	3.03	5.004	25.3
20070227	19.79	3.03	4.569	25.3
20070228	5.32	3.03	4.019	25.3
20070301	2.35	3.03	8.308	25.3
20070302	3.12	3.03	8.215	25.3
20070303	0.05	3.03	8.139	25.3
20070304	17.33	3.03	8.073	25.3
20070305	7.15	3.03	8.014	25.3
20070306	4.39	3.03	7.976	25.3
20070307	0.76	3.03	7.925	25.3
20070308	0.44	3.03	7.859	25.3
20070309	0	3.03	7.842	25.3
20070310	0.09	3.03	7.9	25.3
20070311	5.49	3.03	7.997	25.3
20070312	2.89	3.03	8.173	25.3
20070313	13.66	3.03	8.408	25.3
20070314	1.73	3.03	8.63	25.3
20070315	3.44	3.03	8.889	25.3
20070316	12.41	3.03	9.217	25.3
20070317	41.54	3.03	9.552	25.3
20070318	7.48	3.03	9.072	25.3
20070319	14.66	3.03	8.377	25.3
20070320	25.57	3.03	7.62	25.3
20070321	9.66	3.03	6.922	25.3
20070322	5.66	3.03	6.259	25.3
20070323	5.12	3.03	5.623	25.3
20070324	2.33	3.03	5.056	25.3
20070325	11.32	3.03	4.52	25.3
20070326	23.37	3.03	4.012	25.3
20070327	8.46	3.03	3.563	25.3
20070328	8.23	3.03	3.214	25.3
20070329	1.45	3.03	2.941	25.3
20070330	5.89	3.03	2.71	25.3
20070331	5.04	3.03	6.584	25.3
20070401	5.54	3.03	6.487	25.3
20070402	13.48	3.03	6.356	25.3
20070403	14.26	3.03	7.9	25.3
20070404	8.31	3.03	9.231	25.3
20070405	0.43	3.03	8.246	25.3
20070406	0.75	3.03	7.271	25.3
20070407	3.96	3.03	6.912	25.3
20070408	5.23	3.03	7.42	25.3
20070409	5.57	3.03	7.797	25.3
20070410	7.87	3.03	8.619	25.3
20070411	6.61	3.03	9.386	25.3
20070412	4.54	3.03	10.382	25.3
20070413	7.13	3.03	10.468	25.3
20070414	6.69	3.03	10.092	25.3
20070415	8.77	3.03	10.486	25.3
20070416	10.47	3.03	11.021	25.3
20070417	20.35	3.03	11.132	25.3
20070418	4.5	3.03	11.222	25.3
20070419	11.41	3.03	11.339	25.3
20070420	10.7	3.03	11.007	25.3
20070421	4.09	3.03	11.076	25.3
20070422	12.5	3.03	11.184	25.3
20070423	17.02	3.03	11.025	25.3
20070424	10.91	3.03	11.557	25.3
20070425	37.62	3.03	12.013	25.3
20070426	7.6	3.03	12.469	25.3
20070427	10.72	3.03	12.988	25.3
20070428	14.43	3.03	13.786	25.3
20070429	38.6	3.03	14.622	25.3
20070430	42.17	3.03	14.799	25.3
20070501	12.53	3.03	15.317	25.3
20070502	17.35	3.03	15.887	25.3
20070503	9.6	3.03	16.547	25.3
20070504	8.89	3.03	16.99	25.3
20070505	9.48	3.03	16.734	25.3
20070506	11.52	3.03	16.14	25.3
20070507	10.69	3.03	15.476	25.3
20070508	30.84	3.03	14.799	25.3
20070509	7.79	3.03	14.221	25.3
20070510	19.68	3.03	13.834	25.3
20070511	11.96	3.03	13.433	25.3
20070512	16.68	3.03	13.558	25.3
20070513	13.96	3.03	13.658	25.3
20070514	16.2	3.03	13.969	25.3
20070515	10.94	3.03	14.47	25.3
20070516	1.17	3.03	14.878	25.3
20070517	0.92	3.03	14.522	25.3
20070518	11.63	3.03	13.005	25.3
20070519	5.72	3.03	12.507	25.3
20070520	3.46	3.03	12.462	25.3
20070521	0	3.03	12.76	25.3
20070522	2.47	3.03	11.737	25.3
20070523	3.92	3.03	10.51	25.3
20070524	3.24	3.03	9.815	25.3
20070525	27.46	3.03	9.559	25.3
20070526	3.24	3.03	11.17	25.3
20070527	2.95	3.03	11.388	25.3
20070528	3.44	3.03	10.358	25.3
20070529	18.25	3.03	9.58	25.3
20070530	6.51	3.03	9.604	25.3
20070531	13.9	3.03	10.022	25.3
20070601	15.03	3.03	10.841	25.3
20070602	25.93	3.03	11.384	25.3
20070603	13.22	3.03	11.384	25.3
20070604	5.92	3.03	11.08	25.3
20070605	5.13	3.03	10.247	25.3
20070606	24.18	3.03	10.447	25.3
20070607	1.12	3.03	11.298	25.3
20070608	6.8	3.03	11.132	25.3
20070609	2.18	3.03	10.689	25.3
20070610	7.8	3.03	10.219	25.3
20070611	14.66	3.03	10.202	25.3
20070612	12.19	3.03	10.513	25.3
20070613	1.01	3.03	11.021	25.3
20070614	11.86	3.03	10.606	25.3
20070615	7.59	3.03	9.753	25.3
20070616	3.63	3.03	9.428	25.3
20070617	15.7	3.03	10.026	25.3
20070618	13.04	3.03	10.748	25.3
20070619	15.11	3.03	11.467	25.3
20070620	21.41	3.03	11.982	25.3
20070621	3.11	3.03	12.469	25.3
20070622	0.07	3.03	12.462	25.3
20070623	0	3.03	12.773	25.3
20070624	17.94	3.03	12.687	25.3
20070625	1.21	3.03	11.519	25.3
20070626	12.43	3.03	10.852	25.3
20070627	1.43	3.03	9.908	25.3
20070628	18.27	3.03	9.418	25.3
20070629	5.47	3.03	9.66	25.3
20070630	0.66	3.03	8.899	25.3
20070701	6.03	3.03	7.71	25.3
20070702	1.16	3.03	6.632	25.3
20070703	0.27	3.03	5.837	25.3
20070704	0.69	3.03	5.302	25.3
20070705	15.95	3.03	5.011	25.3
20070706	0.5	3.03	5.039	25.3
20070707	4.87	3.03	4.804	25.3
20070708	5	3.03	4.738	25.3
20070709	5.89	3.03	5.053	25.3
20070710	4.44	3.03	5.55	25.3
20070711	0.54	3.03	5.917	25.3
20070712	0.71	3.03	5.225	25.3
20070713	0.92	3.03	4.068	25.3
20070714	14.76	3.03	3.677	25.3
20070715	4.94	3.03	4.552	25.3
20070716	8.37	3.03	4.341	25.3
20070717	2.68	3.03	3.601	25.3
20070718	1.56	3.03	3.155	25.3
20070719	2.33	3.03	2.633	25.3
20070720	0.62	3.03	2.129	25.3
20070721	2.62	3.03	1.856	25.3
20070722	5.79	3.03	1.769	25.3
20070723	6.05	3.03	1.821	25.3
20070724	15.98	3.03	2.222	25.3
20070725	30.21	3.03	3.546	25.3
20070726	10	3.03	6.266	25.3
20070727	5.83	3.03	7.911	25.3
20070728	4.76	3.03	6.967	25.3
20070729	9.87	3.03	6.591	25.3
20070730	14.89	3.03	6.912	25.3
20070731	12.63	3.03	8.149	25.3
20070801	11.81	3.03	9.314	25.3
20070802	2.77	3.03	9.2	25.3
20070803	0.19	3.03	8.084	25.3
20070804	0	3.03	6.242	25.3
20070805	0	3.03	4.849	25.3
20070806	4	3.03	3.853	25.3
20070807	3.53	3.03	3.3	25.3
20070808	3.97	3.03	3.176	25.3
20070809	0.15	3.03	3.097	25.3
20070810	0.41	3.03	2.765	25.3
20070811	6.53	3.03	2.125	25.3
20070812	10.07	3.03	1.842	25.3
20070813	0.4	3.03	1.825	25.3
20070814	5.31	3.03	2.143	25.3
20070815	0.38	3.03	2.436	25.3
20070816	0.73	3.03	2.713	25.3
20070817	13.99	3.03	2.582	25.3
20070818	3.35	3.03	2.222	25.3
20070819	24.51	3.03	3.826	25.3
20070820	2.32	3.03	4.137	25.3
20070821	16.87	3.03	4.745	25.3
20070822	36.28	3.03	5.243	25.3
20070823	20.35	3.03	7.102	25.3
20070824	8.48	3.03	8.049	25.3
20070825	16.22	3.03	9.013	25.3
20070826	9.48	3.03	9.02	25.3
20070827	4.77	3.03	9.252	25.3
20070828	5.14	3.03	8.799	25.3
20070829	21.9	3.03	8.215	25.3
20070830	5.88	3.03	8.211	25.3
20070831	5.92	3.03	7.904	25.3
20070901	1.84	3.03	7.451	25.3
20070902	1.83	3.03	7.347	25.3
20070903	13.16	3.03	6.905	25.3
20070904	13.72	3.03	6.231	25.3
20070905	3.68	3.03	7.963	25.3
20070906	22.96	3.03	8.761	25.3
20070907	2.92	3.03	8.115	25.3
20070908	6.75	3.03	7.337	25.3
20070909	14.4	3.03	7.147	25.3
20070910	7.21	3.03	7.24	25.3
20070911	6.46	3.03	7.078	25.3
20070912	3.86	3.03	6.266	25.3
20070913	2.9	3.03	5.519	25.3
20070914	1.13	3.03	4.935	25.3
20070915	3.18	3.03	4.469	25.3
20070916	3.52	3.03	3.809	25.3
20070917	5.65	3.03	3.387	25.3
20070918	2.78	3.03	3.259	25.3
20070919	0.01	3.03	2.931	25.3
20070920	2.1	3.03	2.485	25.3
20070921	0.16	3.03	2.025	25.3
20070922	14.29	3.03	1.884	25.3
20070923	4.9	3.03	1.728	25.3
20070924	1.17	3.03	1.832	25.3
20070925	10.04	3.03	2.239	25.3
20070926	25.94	3.03	2.426	25.3
20070927	6.93	3.03	2.246	25.3
20070928	2.19	3.03	2.402	25.3
20070929	0	3.03	2.772	25.3
20070930	0.15	3.03	2.689	25.3
20071001	0	3.03	3.245	25.3
20071002	0	3.03	1.866	25.3
20071003	0.09	3.03	1.483	25.3
20071004	13.55	3.03	1.379	25.3
20071005	6.66	3.03	1.386	25.3
20071006	8.34	3.03	1.5	25.3
20071007	1.23	3.03	1.562	25.3
20071008	8.95	3.03	1.725	25.3
20071009	24.27	3.03	2.62	25.3
20071010	9.65	3.03	5.056	25.3
20071011	1.4	3.03	6.459	25.3
20071012	4.66	3.03	5.81	25.3
20071013	2.84	3.03	4.161	25.3
20071014	0.84	3.03	3.76	25.3
20071015	5.75	3.03	2.671	25.3
20071016	13.42	3.03	2.485	25.3
20071017	6.97	3.03	3.394	25.3
20071018	6.44	3.03	4.355	25.3
20071019	6.25	3.03	4.603	25.3
20071020	7.35	3.03	4.199	25.3
20071021	14.41	3.03	4.016	25.3
20071022	15.45	3.03	4.99	25.3
20071023	12.65	3.03	7.631	25.3
20071024	1.61	3.03	9.113	25.3
20071025	6.43	3.03	9.151	25.3
20071026	14.23	3.03	7.963	25.3
20071027	15.47	3.03	7.102	25.3
20071028	16.44	3.03	6.86	25.3
20071029	2.88	3.03	7.109	25.3
20071030	7.76	3.03	7.506	25.3
20071031	21.82	3.03	7.956	25.3
20071101	2.35	3.03	8.443	25.3
20071102	4.43	3.03	8.916	25.3
20071103	17.97	3.03	8.695	25.3
20071104	6.44	3.03	8.402	25.3
20071105	9.19	3.03	7.98	25.3
20071106	42.36	3.03	8.668	25.3
20071107	5.81	3.03	9.711	25.3
20071108	15.4	3.03	11.083	25.3
20071109	13.77	3.03	11.788	25.3
20071110	22.6	3.03	12.044	25.3
20071111	18.32	3.03	12.469	25.3
20071112	8.58	3.03	12.912	25.3
20071113	9.19	3.03	13.475	25.3
20071114	2.47	3.03	12.939	25.3
20071115	1.07	3.03	11.429	25.3
20071116	3.03	3.03	9.677	25.3
20071117	8.51	3.03	8.377	25.3
20071118	2.53	3.03	7.13	25.3
20071119	1.98	3.03	6.266	25.3
20071120	1.46	3.03	5.54	25.3
20071121	2.69	3.03	4.762	25.3
20071122	0.36	3.03	4.289	25.3
20071123	0.45	3.03	4.033	25.3
20071124	0.37	3.03	3.591	25.3
20071125	1.94	3.03	3.121	25.3
20071126	3.75	3.03	2.644	25.3
20071127	10.6	3.03	2.509	25.3
20071128	7.85	3.03	2.62	25.3
20071129	3.77	3.03	2.837	25.3
20071130	4.92	3.03	2.744	25.3
20071201	10.55	3.03	2.675	25.3
20071202	12.32	3.03	3.017	25.3
20071203	21	3.03	3.795	25.3
20071204	9.64	3.03	5.094	25.3
20071205	8.53	3.03	5.872	25.3
20071206	10.49	3.03	5.768	25.3
20071207	15.88	3.03	6.041	25.3
20071208	12.42	3.03	6.293	25.3
20071209	8.54	3.03	6.622	25.3
20071210	3.91	3.03	6.145	25.3
20071211	24.46	3.03	5.785	25.3
20071212	7.21	3.03	6.725	25.3
20071213	5.91	3.03	9.473	25.3
20071214	6.98	3.03	10.233	25.3
20071215	10.12	3.03	8.989	25.3
20071216	4.85	3.03	7.417	25.3
20071217	1.19	3.03	6.079	25.3
20071218	4.67	3.03	5.105	25.3
20071219	7.33	3.03	4.88	25.3
20071220	16.37	3.03	6.024	25.3
20071221	27.85	3.03	7.959	25.3
20071222	11.04	3.03	8.761	25.3
20071223	6.73	3.03	9.044	25.3
20071224	37.36	3.03	8.346	25.3
20071225	8.84	3.03	7.987	25.3
20071226	14.6	3.03	7.828	25.3
20071227	8.23	3.03	7.89	25.3
20071228	4.59	3.03	7.658	25.3
20071229	2.74	3.03	7.168	25.3
20071230	0.08	3.03	5.685	25.3
20071231	9.58	3.03	4.835	25.3
20080101	2.67	3.03	NA	25.3
20080102	11.15	3.03	NA	25.3
20080103	10.43	3.03	NA	25.3
20080104	6.78	3.03	NA	25.3
20080105	1.74	3.03	NA	25.3
20080106	1.74	3.03	NA	25.3
20080107	2.17	3.03	NA	25.3
20080108	5.97	3.03	NA	25.3
20080109	8.55	3.03	NA	25.3
20080110	4.02	3.03	NA	25.3
20080111	3.68	3.03	NA	25.3
20080112	2.65	3.03	NA	25.3
20080113	2.73	3.03	NA	25.3
20080114	0.42	3.03	NA	25.3
20080115	0.76	3.03	NA	25.3
20080116	7.74	3.03	NA	25.3
20080117	1.01	3.03	NA	25.3
20080118	0.11	3.03	NA	25.3
20080119	5.15	3.03	NA	25.3
20080120	2.13	3.03	NA	25.3
20080121	9	3.03	NA	25.3
20080122	3.84	3.03	NA	25.3
20080123	15.25	3.03	NA	25.3
20080124	6.29	3.03	NA	25.3
20080125	3.42	3.03	NA	25.3
20080126	9.23	3.03	NA	25.3
20080127	2.23	3.03	NA	25.3
20080128	0.14	3.03	NA	25.3
20080129	2.26	3.03	NA	25.3
20080130	6.12	3.03	NA	25.3
20080131	1.27	3.03	NA	25.3
20080201	1.45	3.03	NA	25.3
20080202	17.3	3.03	NA	25.3
20080203	8.28	3.03	NA	25.3
20080204	7.33	3.03	NA	25.3
20080205	4.81	3.03	NA	25.3
20080206	29.56	3.03	NA	25.3
20080207	37	3.03	NA	25.3
20080208	12.82	3.03	NA	25.3
20080209	12.95	3.03	NA	25.3
20080210	1.72	3.03	NA	25.3
20080211	20.7	3.03	NA	25.3
20080212	25.08	3.03	NA	25.3
20080213	8.66	3.03	NA	25.3
20080214	8.96	3.03	NA	25.3
20080215	2.83	3.03	NA	25.3
20080216	0.26	3.03	NA	25.3
20080217	0.23	3.03	NA	25.3
20080218	1.44	3.03	NA	25.3
20080219	20.84	3.03	NA	25.3
20080220	7.13	3.03	NA	25.3
20080221	2.19	3.03	NA	25.3
20080222	2.79	3.03	NA	25.3
20080223	6.56	3.03	NA	25.3
20080224	12.51	3.03	NA	25.3
20080225	3.68	3.03	NA	25.3
20080226	12.7	3.03	NA	25.3
20080227	5.18	3.03	NA	25.3
20080228	12.31	3.03	NA	25.3
20080229	30.19	3.03	NA	25.3
20080301	10.67	3.03	NA	25.3
20080302	12.37	3.03	NA	25.3
20080303	4.3	3.03	NA	25.3
20080304	32.33	3.03	NA	25.3
20080305	22.71	3.03	NA	25.3
20080306	16.99	3.03	NA	25.3
20080307	28.11	3.03	NA	25.3
20080308	13.23	3.03	NA	25.3
20080309	17.32	3.03	NA	25.3
20080310	6.83	3.03	NA	25.3
20080311	3.08	3.03	NA	25.3
20080312	6.44	3.03	NA	25.3
20080313	3.53	3.03	NA	25.3
20080314	5.84	3.03	NA	25.3
20080315	9.07	3.03	NA	25.3
20080316	6.42	3.03	NA	25.3
20080317	0.65	3.03	NA	25.3
20080318	13.83	3.03	NA	25.3
20080319	7.44	3.03	7.661	25.3
20080320	11.46	3.03	7.266	25.3
20080321	11.08	3.03	7.528	25.3
20080322	4.76	3.03	8.538	25.3
20080323	19.01	3.03	8.803	25.3
20080324	19.59	3.03	8.919	25.3
20080325	4.79	3.03	9.198	25.3
20080326	12.44	3.03	9.609	25.3
20080327	5.4	3.03	9.706	25.3
20080328	14.37	3.03	9.325	25.3
20080329	21.25	3.03	8.732	25.3
20080330	6.79	3.03	8.4	25.3
20080331	7.54	3.03	9.049	25.3
20080401	1.12	3.03	9.321	25.3
20080402	5.19	3.03	8.962	25.3
20080403	13.94	3.03	8.306	25.3
20080404	9.64	3.03	7.625	25.3
20080405	5.25	3.03	8.361	25.3
20080406	10.1	3.03	9.13	25.3
20080407	1.88	3.03	8.986	25.3
20080408	4.23	3.03	8.769	25.3
20080409	9.66	3.03	8.221	25.3
20080410	16.18	3.03	7.542	25.3
20080411	12.29	3.03	7.572	25.3
20080412	8.3	3.03	8.528	25.3
20080413	2.36	3.03	9.011	25.3
20080414	11.09	3.03	9.398	25.3
20080415	7.11	3.03	9.449	25.3
20080416	9.39	3.03	9.23	25.3
20080417	14.93	3.03	9.261	25.3
20080418	24	3.03	9.383	25.3
20080419	6.77	3.03	9.707	25.3
20080420	21.11	3.03	10.056	25.3
20080421	17.86	3.03	10.343	25.3
20080422	13.53	3.03	10.561	25.3
20080423	9.6	3.03	10.814	25.3
20080424	6.3	3.03	11.39	25.3
20080425	12.51	3.03	12.135	25.3
20080426	2.17	3.03	12.592	25.3
20080427	16.39	3.03	12.614	25.3
20080428	4.71	3.03	12.52	25.3
20080429	26.81	3.03	12.257	25.3
20080430	11.59	3.03	11.922	25.3
20080501	2.22	3.03	11.54	25.3
20080502	14.74	3.03	11.32	25.3
20080503	0.66	3.03	11.097	25.3
20080504	7.01	3.03	10.749	25.3
20080505	17.51	3.03	10.496	25.3
20080506	13.37	3.03	10.048	25.3
20080507	13.42	3.03	9.709	25.3
20080508	20.68	3.03	9.545	25.3
20080509	15.61	3.03	9.346	25.3
20080510	6.71	3.03	9.263	25.3
20080511	7.74	3.03	9.356	25.3
20080512	0.04	3.03	9.548	25.3
20080513	2.27	3.03	9.348	25.3
20080514	0.3	3.03	8.926	25.3
20080515	1.19	3.03	8.538	25.3
20080516	0.8	3.03	8.118	25.3
20080517	0	3.03	7.569	25.3
20080518	0	3.03	7.147	25.3
20080519	0.54	3.03	6.78	25.3
20080520	5.34	3.03	6.446	25.3
20080521	4.11	3.03	6.156	25.3
20080522	1.89	3.03	5.982	25.3
20080523	7.12	3.03	5.924	25.3
20080524	4.95	3.03	5.643	25.3
20080525	3.63	3.03	5.472	25.3
20080526	8.79	3.03	5.63	25.3
20080527	10.42	3.03	5.632	25.3
20080528	1.27	3.03	5.438	25.3
20080529	1.14	3.03	6.292	25.3
20080530	3.24	3.03	6.659	25.3
20080531	10.07	3.03	5.927	25.3
20080601	37.89	3.03	5.322	25.3
20080602	5.57	3.03	5.9	25.3
20080603	10.55	3.03	7.391	25.3
20080604	8.74	3.03	7.343	25.3
20080605	8.74	3.03	6.532	25.3
20080606	5.3	3.03	6.114	25.3
20080607	28.84	3.03	7.183	25.3
20080608	13.93	3.03	8.706	25.3
20080609	30.32	3.03	9.092	25.3
20080610	13.73	3.03	9.658	25.3
20080611	9.06	3.03	10.034	25.3
20080612	13.24	3.03	10.215	25.3
20080613	8.33	3.03	10.067	25.3
20080614	13.27	3.03	9.792	25.3
20080615	6.56	3.03	9.424	25.3
20080616	4.69	3.03	9.067	25.3
20080617	10	3.03	8.792	25.3
20080618	2.08	3.03	8.422	25.3
20080619	21.79	3.03	7.765	25.3
20080620	5.81	3.03	7.35	25.3
20080621	1.4	3.03	7.522	25.3
20080622	0	3.03	7.658	25.3
20080623	0.19	3.03	7.242	25.3
20080624	0	3.03	6.637	25.3
20080625	0.83	3.03	6.113	25.3
20080626	1.59	3.03	5.668	25.3
20080627	18.67	3.03	5.238	25.3
20080628	6.83	3.03	4.898	25.3
20080629	0.79	3.03	4.928	25.3
20080630	10.46	3.03	5.289	25.3
20080701	18.9	3.03	5.134	25.3
20080702	6.01	3.03	4.978	25.3
20080703	22.22	3.03	5.776	25.3
20080704	15.18	3.03	6.801	25.3
20080705	9.73	3.03	7.272	25.3
20080706	0.42	3.03	8.026	25.3
20080707	8.81	3.03	7.986	25.3
20080708	5.85	3.03	6.873	25.3
20080709	7.25	3.03	6.129	25.3
20080710	5.51	3.03	6.111	25.3
20080711	4.31	3.03	6.014	25.3
20080712	2.24	3.03	5.879	25.3
20080713	3.43	3.03	5.882	25.3
20080714	2.67	3.03	5.919	25.3
20080715	7.74	3.03	NA	25.3
20080716	0.05	3.03	NA	25.3
20080717	0.4	3.03	NA	25.3
20080718	7.2	3.03	NA	25.3
20080719	6.88	3.03	NA	25.3
20080720	11.6	3.03	NA	25.3
20080721	17.5	3.03	NA	25.3
20080722	4.23	3.03	NA	25.3
20080723	3.02	3.03	NA	25.3
20080724	0.49	3.03	NA	25.3
20080725	18.75	3.03	NA	25.3
20080726	7.35	3.03	NA	25.3
20080727	8.21	3.03	NA	25.3
20080728	13.43	3.03	NA	25.3
20080729	5.03	3.03	NA	25.3
20080730	2.59	3.03	NA	25.3
20080731	1.32	3.03	NA	25.3
20080801	1.6	3.03	NA	25.3
20080802	12.57	3.03	NA	25.3
20080803	3.03	3.03	NA	25.3
20080804	2.23	3.03	NA	25.3
20080805	15.11	3.03	NA	25.3
20080806	4.67	3.03	NA	25.3
20080807	15.38	3.03	NA	25.3
20080808	18.45	3.03	NA	25.3
20080809	15.71	3.03	NA	25.3
20080810	8.12	3.03	NA	25.3
20080811	7.01	3.03	NA	25.3
20080812	3.18	3.03	NA	25.3
20080813	9.74	3.03	NA	25.3
20080814	9.81	3.03	NA	25.3
20080815	17.3	3.03	NA	25.3
20080816	11.57	3.03	NA	25.3
20080817	2.95	3.03	NA	25.3
20080818	5.41	3.03	NA	25.3
20080819	6.24	3.03	NA	25.3
20080820	10.57	3.03	NA	25.3
20080821	3.49	3.03	NA	25.3
20080822	7.19	3.03	NA	25.3
20080823	4.1	3.03	NA	25.3
20080824	3.85	3.03	NA	25.3
20080825	13.11	3.03	NA	25.3
20080826	3.67	3.03	NA	25.3
20080827	5.08	3.03	NA	25.3
20080828	10.68	3.03	NA	25.3
20080829	4.1	3.03	NA	25.3
20080830	4.1	3.03	NA	25.3
20080831	13.45	3.03	NA	25.3
20080901	1.62	3.03	NA	25.3
20080902	2.46	3.03	NA	25.3
20080903	3.96	3.03	NA	25.3
20080904	18.66	3.03	NA	25.3
20080905	30.66	3.03	NA	25.3
20080906	19.8	3.03	NA	25.3
20080907	18.07	3.03	NA	25.3
20080908	5.25	3.03	NA	25.3
20080909	6.99	3.03	NA	25.3
20080910	5.15	3.03	NA	25.3
20080911	2.67	3.03	NA	25.3
20080912	4.41	3.03	NA	25.3
20080913	1.45	3.03	NA	25.3
20080914	7.21	3.03	NA	25.3
20080915	0.03	3.03	NA	25.3
20080916	5.86	3.03	NA	25.3
20080917	15.54	3.03	NA	25.3
20080918	4.78	3.03	NA	25.3
20080919	5.3	3.03	NA	25.3
20080920	3.62	3.03	NA	25.3
20080921	26.03	3.03	NA	25.3
20080922	2.3	3.03	NA	25.3
20080923	0	3.03	NA	25.3
20080924	0.31	3.03	NA	25.3
20080925	13.38	3.03	NA	25.3
20080926	3.88	3.03	NA	25.3
20080927	13.54	3.03	NA	25.3
20080928	0.29	3.03	NA	25.3
20080929	0.22	3.03	NA	25.3
20080930	41.31	3.03	NA	25.3
20081001	22.89	3.03	NA	25.3
20081002	7.71	3.03	NA	25.3
20081003	3.16	3.03	NA	25.3
20081004	1.69	3.03	NA	25.3
20081005	11.19	3.03	NA	25.3
20081006	10.74	3.03	NA	25.3
20081007	15.99	3.03	NA	25.3
20081008	8.37	3.03	NA	25.3
20081009	0.75	3.03	NA	25.3
20081010	14.75	3.03	NA	25.3
20081011	7.13	3.03	NA	25.3
20081012	11.67	3.03	NA	25.3
20081013	1.41	3.03	NA	25.3
20081014	7.47	3.03	NA	25.3
20081015	17.53	3.03	NA	25.3
20081016	4.79	3.14	NA	26.6
20081017	9.07	3.16	6.026	26.9
20081018	27.32	3.12	6.517	26.7
20081019	4.6	2.92	6.788	25
20081020	2.11	3.14	7.318	26.8
20081021	18.56	3.14	7.516	27.1
20081022	10.62	2.96	6.832	25.6
20081023	15.2	2.68	6.539	23
20081024	18.23	2.94	6.953	24.9
20081025	34.43	2.91	7.799	24.9
20081026	11.2	2.84	8.808	24.2
20081027	7.8	2.94	9.739	25.7
20081028	4.09	3.11	10.189	26
20081029	4.1	2.9	10.471	24.8
20081030	17.56	3.06	10.471	25.9
20081031	5.81	2.78	10.017	23.7
20081101	14.86	3	9.302	26.5
20081102	16.08	2.65	8.729	22.8
20081103	18.15	2.91	8.862	25.5
20081104	4.49	2.6	8.905	23.7
20081105	6.97	2.94	9.159	25.8
20081106	17.4	2.75	9.322	24.5
20081107	13.29	2.96	8.89	26
20081108	40.4	2.96	9.096	26.2
20081109	5.45	2.8	9.876	24.6
20081110	3.11	2.9	10.249	25.7
20081111	13.19	3	10.497	26.6
20081112	3.7	2.76	10.74	24.8
20081113	2.26	3.02	10.983	26.5
20081114	30.79	2.89	11.221	25.8
20081115	8.72	2.77	11.266	25
20081116	51.78	2.95	11.225	26.1
20081117	9.41	2.83	11.366	25.3
20081118	6.44	2.99	11.457	26.3
20081119	16.31	2.89	11.619	25.5
20081120	5.6	2.73	11.661	24.8
20081121	19.03	3.01	11.462	26.6
20081122	9.85	2.76	11.322	24.5
20081123	26.06	2.81	11.307	25.1
20081124	19.08	2.92	11.313	25.4
20081125	15.86	2.61	11.449	23.3
20081126	32.93	3	11.445	26.3
20081127	9.02	2.81	11.577	25.3
20081128	5.13	2.95	11.729	26
20081129	14.39	2.82	11.898	24.7
20081130	8.61	2.97	11.828	26.3
20081201	3.64	2.71	11.555	25
20081202	22.28	2.78	11.249	25.5
20081203	9.1	2.83	10.874	25.7
20081204	5.32	2.77	10.788	25.2
20081205	6.2	2.86	10.831	25.9
20081206	4.69	2.76	10.762	25.3
20081207	9.31	2.86	10.571	26.1
20081208	3.5	2.79	10.405	25.4
20081209	1.92	3.01	10.353	26.6
20081210	5.32	2.81	10.305	25.4
20081211	33.32	2.79	10.209	25.5
20081212	3.33	2.71	10.018	24.5
20081213	3.35	2.87	9.976	25.6
20081214	7.98	2.87	10.009	26
20081215	20.44	2.76	9.894	25.6
20081216	4.06	2.6	9.948	24
20081217	12.14	2.79	10.18	25.5
20081218	15.65	2.79	10.28	25.5
20081219	17.37	2.79	10.392	25.5
20081220	8.34	2.79	10.594	25.5
20081221	43.97	2.79	10.822	25.5
20081222	7.87	2.79	11.131	25.5
20081223	2.69	2.79	11.522	25.5
20081224	2.68	2.79	12.063	25.4
20081225	22.2	2.79	12.566	25.4
20081226	11.73	2.78	12.59	25.4
20081227	2.06	2.78	12.345	25.4
20081228	4.39	2.78	12.007	25.4
20081229	11.19	2.79	11.738	25.4
20081230	2.95	2.78	11.187	25.4
20081231	4.37	2.78	10.758	25.4
20090101	0.67	2.68	10.579	23.7
20090102	9.06	2.9	10.106	25.7
20090103	16.68	2.79	9.667	25
20090104	10.38	2.77	9.561	25
20090105	1.8	2.97	9.743	26
20090106	16.15	2.79	9.626	25.1
20090107	5.51	2.89	9.242	25.3
20090108	1.67	2.97	9.135	25.8
20090109	5.71	2.87	9.206	25.4
20090110	14.91	2.76	9.25	24.8
20090111	4.24	2.65	8.979	24.3
20090112	3.96	2.98	9.107	25.9
20090113	4.37	2.93	9.186	25.8
20090114	19.54	2.96	8.713	26.2
20090115	6.55	2.72	8.197	23.3
20090116	7.75	2.77	8.303	24.2
20090117	19.65	2.75	8.449	24.2
20090118	26.01	2.81	8.143	24.8
20090119	3.53	2.63	8.238	23.2
20090120	14.21	2.83	9.051	25.1
20090121	10.99	2.72	9.167	24
20090122	1.13	2.83	8.949	24.7
20090123	2.15	2.81	8.961	25.1
20090124	14.28	2.9	8.723	25.6
20090125	9.3	2.85	8.336	24.9
20090126	22.83	2.81	8.035	25.2
20090127	6.67	2.75	8.493	24.2
20090128	5.56	2.86	9.392	25
20090129	10.28	2.75	9.885	24.5
20090130	15.77	2.91	9.928	25.6
20090131	26.01	2.79	9.985	24.7
20090201	20.69	2.76	10.31	24
20090202	9.84	2.97	10.576	25.2
20090203	5.85	2.91	10.943	24.77
20090204	20.51	2.91	11.532	24.77
20090205	14.97	2.91	11.908	24.77
20090206	0.15	2.91	11.951	24.77
20090207	1.31	2.91	11.843	24.77
20090208	0.07	2.91	11.581	24.77
20090209	2.23	2.91	11.005	24.77
20090210	0.38	2.91	10.272	24.77
20090211	28.58	2.91	9.462	24.77
20090212	2.83	2.91	8.793	24.77
20090213	6.84	2.91	8.415	24.77
20090214	6.02	2.91	7.889	24.77
20090215	9.56	2.91	7.423	24.77
20090216	9.62	2.91	7.044	24.77
20090217	5.24	2.91	6.856	24.77
20090218	0.68	2.91	7.005	24.77
20090219	0.56	2.91	6.883	24.77
20090220	6.55	2.91	6.45	24.77
20090221	14.65	2.91	6.065	24.77
20090222	2.25	2.91	5.923	24.77
20090223	15.5	2.91	6.471	24.77
20090224	7.44	2.91	6.81	24.77
20090225	6.99	2.91	7.046	24.77
20090226	3.31	2.91	7.148	24.77
20090227	29.31	2.91	6.855	24.77
20090228	13.2	2.91	6.774	24.77
20090301	13.66	2.96	7.37	24.77
20090302	2.09	2.96	8.447	24.77
20090303	14.58	2.96	9.041	24.77
20090304	23.66	2.96	8.592	24.77
20090305	3.49	2.96	8.462	24.77
20090306	12.3	2.96	8.848	24.77
20090307	4.03	2.96	8.657	24.77
20090308	12.1	2.96	8.546	24.77
20090309	23.45	2.96	8.592	24.77
20090310	23.96	2.96	9.031	24.77
20090311	20.39	2.96	9.677	24.77
20090312	7.47	2.96	10.017	24.77
20090313	10.5	2.96	10.264	24.77
20090314	8.69	2.96	10.248	24.77
20090315	15.22	2.96	10.087	24.77
20090316	14.44	2.96	10.081	24.77
20090317	8.4	2.96	10.173	24.77
20090318	14.49	2.96	10.222	24.77
20090319	14.31	2.96	10.144	24.77
20090320	11.72	2.96	10.127	24.77
20090321	12.2	2.96	9.974	24.77
20090322	6.6	2.96	9.926	24.77
20090323	12.09	2.96	9.778	24.77
20090324	16.81	2.96	9.626	24.77
20090325	7.46	2.96	9.473	24.77
20090326	12.17	2.96	9.323	24.77
20090327	30.94	2.96	9.171	24.77
20090328	13.07	2.96	9.018	24.77
20090329	5.85	2.96	8.897	24.77
20090330	13.41	2.96	8.865	24.77
20090331	10.56	2.96	8.636	24.77
20090401	0.51	3.01	8.856	26.4
20090402	1.51	2.91	9.296	25.4
20090403	4.68	3.01	9.091	26.4
20090404	4.42	2.91	8.459	25.4
20090405	9.87	2.97	7.836	25.9
20090406	7.13	2.88	7.369	25.3
20090407	5.71	2.98	7.848	26
20090408	15.25	3.06	8.503	26.9
20090409	3.12	2.92	8.188	25.7
20090410	6.67	3.09	8.503	27
20090411	7.87	3.03	8.828	26.6
20090412	12.86	2.79	8.25	25
20090413	13.24	2.84	7.587	25.3
20090414	14.16	2.97	7.738	26.2
20090415	11.17	2.98	8.136	26.1
20090416	19.98	2.9	8.603	25.9
20090417	4.12	2.76	8.697	24.5
20090418	16.26	3.07	8.942	26.9
20090419	49.99	2.98	8.669	26.2
20090420	12.76	2.8	8.273	24.5
20090421	7.95	2.79	8.773	24.7
20090422	1.35	2.83	9.061	25
20090423	7.93	3.06	8.829	26.8
20090424	1.23	2.84	8.27	24.8
20090425	10.44	3.09	7.746	27.2
20090426	28.27	2.94	7.265	25.5
20090427	11.99	2.81	7.051	24.4
20090428	2.15	2.94	7.775	25.6
20090429	8.69	3.01	8.191	26.4
20090430	4.35	2.82	7.628	24.5
20090501	2.46	2.86	7.238	26.8
20090502	6.03	2.86	7.526	26.8
20090503	2.02	2.86	7.225	26.8
20090504	0.93	2.87	6.809	27
20090505	1.23	2.87	6.552	26.9
20090506	20.32	2.89	6.256	27.3
20090507	13.17	2.83	5.938	26.6
20090508	7.4	2.72	6.229	25.5
20090509	20.87	2.84	7.011	26.7
20090510	8.08	2.82	6.956	26.2
20090511	6.61	2.8	7.42	26.1
20090512	8.09	2.78	8.214	26
20090513	2.64	2.69	8.103	24.9
20090514	1.42	2.83	7.508	26.3
20090515	4.8	2.86	6.731	27
20090516	1.58	2.64	6.122	24.7
20090517	6.78	2.89	6.316	26.8
20090518	9.91	2.68	6.345	25.2
20090519	11.81	2.77	6.476	26
20090520	6.14	2.83	7.326	26.4
20090521	6.29	2.49	7.148	23.4
20090522	7.11	2.77	6.933	25.7
20090523	1.91	2.68	6.955	24.7
20090524	3.67	2.82	7.429	26.5
20090525	1.18	2.86	7.326	27
20090526	16.64	2.84	6.645	26.8
20090527	5.03	2.75	6.299	25.8
20090528	22.05	2.93	6.951	27.3
20090529	8.29	2.67	8.099	24.9
20090530	2.86	2.71	8.73	25.1
20090531	1.43	2.84	8.753	26.7
20090601	1.9	3.03	8.005	25.3
20090602	1.79	3.03	7.025	25.3
20090603	0.26	3.03	6.23	25.3
20090604	7.85	3.03	5.631	25.3
20090605	3.57	3.03	5.146	25.3
20090606	4.44	3.03	4.836	25.3
20090607	1.1	3.03	4.797	25.3
20090608	9.07	3.03	4.553	25.3
20090609	3.67	3.03	4.313	25.3
20090610	0.77	3.03	4.066	25.3
20090611	5.73	3.03	3.931	25.3
20090612	7.67	3.03	3.918	25.3
20090613	6.49	3.03	3.691	25.3
20090614	1.9	3.03	3.621	25.3
20090615	0.44	3.03	3.773	25.3
20090616	4.48	3.03	3.819	25.3
20090617	0.21	3.03	3.685	25.3
20090618	0.49	3.03	3.499	25.3
20090619	4.45	3.03	3.931	25.3
20090620	2.64	3.03	3.952	25.3
20090621	15.43	3.03	3.593	25.3
20090622	0.33	3.03	3.62	25.3
20090623	24.64	3.03	3.708	25.3
20090624	5.25	3.03	4.072	25.3
20090625	4.62	3.03	4.998	25.3
20090626	1.31	3.03	5.906	25.3
20090627	0.36	3.03	5.543	25.3
20090628	4.58	3.03	4.908	25.3
20090629	8.95	3.03	4.415	25.3
20090630	9.68	3.03	4.158	25.3
20090701	0.65	3.03	4.731	25.3
20090702	10.74	3.03	5.822	25.3
20090703	9.74	3.03	6.294	25.3
20090704	9.97	3.03	5.828	25.3
20090705	55.18	3.03	6.001	25.3
20090706	43.62	3.03	7.181	25.3
20090707	11.82	3.03	8.765	25.3
20090708	0.15	3.03	9.241	25.3
20090709	3.77	3.03	9.567	25.3
20090710	0.29	3.03	9.819	25.3
20090711	0	3.03	9.742	25.3
20090712	0.46	3.03	9.097	25.3
20090713	1.42	3.03	7.836	25.3
20090714	0.61	3.03	6.63	25.3
20090715	0.08	3.03	5.839	25.3
20090716	3.66	3.03	5.322	25.3
20090717	2.63	3.03	5.139	25.3
20090718	30.46	3.03	4.983	25.3
20090719	1.62	3.03	4.827	25.3
20090720	1.11	3.03	4.673	25.3
20090721	10.63	3.03	4.52	25.3
20090722	0.77	3.03	4.368	25.3
20090723	7.67	3.03	4.219	25.3
20090724	2.82	3.03	4.073	25.3
20090725	3.83	3.03	3.926	25.3
20090726	10.01	3.03	3.781	25.3
20090727	0	3.03	3.64	25.3
20090728	0.29	3.03	3.499	25.3
20090729	0.08	3.03	3.367	25.3
20090730	0	3.03	3.242	25.3
20090731	0	3.03	3.119	25.3
20090801	0	3.03	2.997	25.3
20090802	0.33	3.03	2.905	25.3
20090803	0.05	3.03	2.843	25.3
20090804	0	3.03	2.834	25.3
20090805	0.75	3.03	2.856	25.3
20090806	1.35	3.03	2.888	25.3
20090807	0.33	3.03	2.899	25.3
20090808	9.61	3.03	2.911	25.3
20090809	0.89	3.03	2.92	25.3
20090810	21.43	3.03	2.992	25.3
20090811	19.41	3.03	3.052	25.3
20090812	5.73	3.03	3.097	25.3
20090813	0.04	3.03	4.133	25.3
20090814	5.82	3.03	4.673	25.3
20090815	3.17	3.03	4.045	25.3
20090816	0.28	3.03	3.489	25.3
20090817	0.12	3.03	3.544	25.3
20090818	1.07	3.03	4.015	25.3
20090819	3.68	3.03	3.811	25.3
20090820	17.74	3.03	3.395	25.3
20090821	5.89	3.03	3.204	25.3
20090822	4.91	3.03	3.703	25.3
20090823	7.98	3.03	NA	25.3
20090824	13.63	3.03	NA	25.3
20090825	6.46	3.03	NA	25.3
20090826	1.66	3.03	NA	25.3
20090827	2.77	3.03	NA	25.3
20090828	2.79	3.03	NA	25.3
20090829	3	3.03	NA	25.3
20090830	1.17	3.03	NA	25.3
20090831	0.5	3.03	NA	25.3
20090901	1.56	3.03	NA	25.3
20090902	0.03	3.03	NA	25.3
20090903	0.43	3.03	NA	25.3
20090904	0.14	3.03	NA	25.3
20090905	0.11	3.03	NA	25.3
20090906	0	3.03	NA	25.3
20090907	0.05	3.03	NA	25.3
20090908	0.19	3.03	NA	25.3
20090909	2.68	3.03	NA	25.3
20090910	0.96	3.03	NA	25.3
20090911	0.26	3.03	NA	25.3
20090912	0.7	3.03	NA	25.3
20090913	9.42	3.03	NA	25.3
20090914	1.14	3.03	NA	25.3
20090915	1.88	3.03	NA	25.3
20090916	0.18	3.03	NA	25.3
20090917	0.07	3.03	NA	25.3
20090918	0.15	3.03	NA	25.3
20090919	0.29	3.03	NA	25.3
20090920	1.98	3.03	NA	25.3
20090921	0.43	3.03	NA	25.3
20090922	0.21	3.03	NA	25.3
20090923	1.57	3.03	NA	25.3
20090924	13.08	3.03	NA	25.3
20090925	10.96	3.03	NA	25.3
20090926	1.23	3.03	NA	25.3
20090927	0	3.03	NA	25.3
20090928	0	3.03	NA	25.3
20090929	0	3.03	NA	25.3
20090930	14.1	3.03	NA	25.3
20091001	12.56	3.03	NA	25.3
20091002	1.21	3.03	NA	25.3
20091003	1.4	3.03	NA	25.3
20091004	12.15	3.03	NA	25.3
20091005	0.53	3.03	NA	25.3
20091006	2.96	3.03	NA	25.3
20091007	5.08	3.03	NA	25.3
20091008	9.56	3.03	NA	25.3
20091009	25.9	3.03	NA	25.3
20091010	15.6	3.03	NA	25.3
20091011	6.83	3.03	NA	25.3
20091012	14.67	3.03	NA	25.3
20091013	33.88	3.03	NA	25.3
20091014	5.93	3.03	NA	25.3
20091015	0.28	3.03	NA	25.3
20091016	0	3.03	NA	25.3
20091017	0	3.03	NA	25.3
20091018	8.98	3.03	NA	25.3
20091019	5.89	3.03	NA	25.3
20091020	1.38	3.03	NA	25.3
20091021	7.4	3.03	NA	25.3
20091022	43.4	3.03	NA	25.3
20091023	3.58	3.03	NA	25.3
20091024	31.55	3.03	NA	25.3
20091025	1	3.03	NA	25.3
20091026	31.31	3.03	NA	25.3
20091027	9.53	3.03	NA	25.3
20091028	1.51	3.03	NA	25.3
20091029	3.7	3.03	NA	25.3
20091030	5.43	3.03	NA	25.3
20091031	5.28	3.03	NA	25.3
20091101	13.98	3.03	NA	25.3
20091102	7.68	3.03	NA	25.3
20091103	2.7	3.03	NA	25.3
20091104	0.03	3.03	NA	25.3
20091105	0.17	3.03	NA	25.3
20091106	3.3	3.03	NA	25.3
20091107	6.41	3.03	NA	25.3
20091108	16.73	3.03	NA	25.3
20091109	3.44	3.03	NA	25.3
20091110	12.64	3.03	NA	25.3
20091111	7.08	3.03	NA	25.3
20091112	7.36	3.03	NA	25.3
20091113	10.49	3.03	NA	25.3
20091114	37.71	3.03	NA	25.3
20091115	19.44	3.03	NA	25.3
20091116	22.82	3.03	NA	25.3
20091117	22.64	3.03	NA	25.3
20091118	19.11	3.03	NA	25.3
20091119	4.29	3.03	NA	25.3
20091120	11.59	3.03	NA	25.3
20091121	12.83	3.03	NA	25.3
20091122	14.73	3.03	NA	25.3
20091123	5.93	3.03	NA	25.3
20091124	0.94	3.03	NA	25.3
20091125	1.1	3.03	NA	25.3
20091126	14.45	3.03	NA	25.3
20091127	5.01	3.03	NA	25.3
20091128	4.39	3.03	NA	25.3
20091129	5.7	3.03	NA	25.3
20091130	22.24	3.03	NA	25.3
20091201	18.46	3.03	NA	25.3
20091202	17.29	3.03	NA	25.3
20091203	9.17	3.03	NA	25.3
20091204	10.43	3.03	NA	25.3
20091205	15.82	3.03	NA	25.3
20091206	11.08	3.03	NA	25.3
20091207	11.79	3.03	NA	25.3
20091208	2.89	3.03	NA	25.3
20091209	9.81	3.03	NA	25.3
20091210	8.46	3.03	NA	25.3
20091211	6.83	3.03	NA	25.3
20091212	9.73	3.03	NA	25.3
20091213	21.44	3.03	NA	25.3
20091214	8.33	3.03	NA	25.3
20091215	6.8	3.03	NA	25.3
20091216	22.4	3.03	NA	25.3
20091217	4.12	3.03	NA	25.3
20091218	3.97	3.03	NA	25.3
20091219	38.22	3.03	NA	25.3
20091220	16.69	3.03	NA	25.3
20091221	3.17	3.03	NA	25.3
20091222	6.36	3.03	NA	25.3
20091223	2.65	3.03	NA	25.3
20091224	3.77	3.03	NA	25.3
20091225	8.19	3.03	NA	25.3
20091226	28.7	3.03	NA	25.3
20091227	21.37	3.03	NA	25.3
20091228	12.94	3.03	NA	25.3
20091229	18.39	3.03	NA	25.3
20091230	21.51	3.03	NA	25.3
20091231	5.23	3.03	NA	25.3
