ID    X    Y    Z
GEMM    709708    5626157    183
WARE    659549    5619434    114
BATT    699811    5614078    324
LANA    689528    5630300    54
TERN    681149    5591319    580
BALM    705012    5599218    356
JALH    712797    5603734    483
VIEL    708036    5573977    413
ROBE    720561    5593413    507
LAND    645513    5598255    209
BIER    673095    5612291    190
MODA    662156    5590891    184
VEDR    631847    5595608    168
STGE    623254    5578651    245
CRUP    639496    5579919    186
CINE    650404    5573141    283
FLOR    618388    5566366    278
DAVE    651545    5542700    296
LIBI    661685    5538638    392
BEAU    639380    5552598    195
ROCH    658023    5559299    178
NASS    667649    5556256    398
GEDI    641751    5538105    401
VRES    638491    5526216    192
BOUI    648871    5516975    228
SUGN    636603    5518720    373
BERT    661842    5524148    400
STRA    671292    5518599    357
RACH    699342    5551596    451
ORTHp    686155    5556654    447
FLAM    685777    5545232    498
STHU    671905    5545634    548
TAIL    696545    5566983    599
OUFF    674177    5590285    279
EREZ    684006    5573922    318
SOMM    668621    5578790    199
MARC    667070    5568972    192
BAST    694276    5540989    514
TORG    679343    5486836    251
ORVA    668489    5500027    255
STEF    725250    5565308    365
STVI    722510    5575245    472
